0.0,0.0,1060.73
0.01,0.0,1060.73
0.02,0.0,1058.53
0.03,0.0,1056.11
0.04,0.0,1054.02
0.05,0.0,1050.72
0.06,0.0,1036.53
0.07,0.0,1030.15
0.08,0.0,1020.36
0.09,0.0,1008.7
0.1,0.0,1006.5
0.11,0.0,1014.09
0.12,0.0,1014.53
0.13,0.0,1021.9
0.14,0.0,1031.8
0.15,0.0,1037.52
0.16,0.0,1044.45
0.17,0.0,1046.76
0.18,0.0,1039.61
0.19,6.16,1020.03
0.2,28.93,1006.39
0.21,128.92,986.37
0.22,296.34,949.41
0.23,402.82,888.91
0.24,478.61,818.29
0.25,546.7,739.09
0.26,617.43,668.03
0.27,710.93,589.71
0.28,787.6,508.64
0.29,864.82,450.23
0.3,929.72,396.99
0.31,980.32,339.68
0.32,1010.79,271.15
0.33,1030.59,200.31
0.34,1047.64,124.63
0.35,1058.31,69.85
0.36,1071.18,34.43
0.37,1077.89,24.97
0.38,1087.35,20.02
0.39,1090.21,8.03
0.4,1089.11,10.56
0.41,1089.22,3.96
0.42,1084.93,3.96
0.43,1078.0,0.0
0.44,1064.69,0.0
0.45,1057.54,0.0
0.46,1048.08,0.0
0.47,1038.07,0.0
0.48,1025.86,0.0
0.49,1022.34,0.0
0.5,1014.75,0.0
0.51,1013.32,0.0
0.52,1012.22,0.0
0.53,1013.21,0.0
0.54,1018.71,0.0
0.55,1028.39,0.0
0.56,1038.18,0.0
0.57,1043.68,0.0
0.58,1048.96,0.0
0.59,1054.79,0.0
0.6,1057.87,0.0
0.61,1069.64,0.0
0.62,1073.27,0.0
0.63,1074.37,0.0
0.64,1080.53,0.0
0.65,1082.18,0.0
0.66,1081.41,0.0
0.67,1080.86,0.0
0.68,1083.28,0.0
0.69,1074.04,4.51
0.7,1066.78,4.51
0.71,1054.24,4.51
0.7199,1034.99,6.82
0.7299,1018.93,9.13
0.7399,991.98,13.64
0.7499,967.12,25.08
0.7599,930.71,53.68
0.7699,904.31,126.39
0.7799,860.75,220.33
0.7899,822.25,291.94
0.7999,773.41,357.83
0.8099,721.05,406.78
0.8199,663.85,440.33
0.8299,594.88,480.48
0.8399,521.73,526.9
0.8499,445.94,586.19
0.8599,352.66,672.32
0.8699,252.45,742.72
0.8799,166.54,820.27
0.8899,97.79,890.67
0.8999,55.33,950.51
0.9099,35.31,1002.1
0.9199,15.4,1043.24
0.9299,8.69,1073.6
0.9399,0.0,1087.79
0.9499,0.0,1096.92
0.9599,0.0,1090.32
0.9699,0.0,1083.72
0.9799,0.0,1070.19
0.9899,0.0,1056.77
0.9999,0.0,1043.24
1.0099,0.0,1025.09
1.0199,0.0,1014.09
1.0299,0.0,1007.27
1.0399,0.0,1000.78
1.0499,0.0,994.29
1.0599,0.0,991.98
1.0699,0.0,989.78
1.0799,0.0,992.42
1.0899,0.0,992.97
1.0999,0.0,997.7
1.1099,0.0,998.03
1.1199,0.0,1003.86
1.1299,0.0,1008.59
1.1399,0.0,1017.94
1.1499,0.0,1030.48
1.1599,0.0,1043.9
1.1699,0.0,1060.29
1.1799,0.0,1064.69
1.1899,0.0,1077.23
1.1999,0.0,1084.82
1.2099,0.0,1085.26
1.2199,0.0,1079.87
1.2299,10.34,1061.5
1.2399,31.02,1033.34
1.2499,114.84,1000.67
1.2599,256.52,967.01
1.2699,366.41,917.18
1.2799,468.71,860.09
1.2899,554.95,788.59
1.2999,636.9,713.68
1.3099,759.55,639.54
1.3199,832.04,583.0
1.3299,897.71,520.08
1.3399,942.04,459.14
1.3499,975.15,389.18
1.3599,997.04,303.6
1.3699,1014.53,204.93
1.3799,1021.13,123.75
1.3899,1030.37,77.88
1.3999,1040.27,44.0
1.4099,1047.86,31.57
1.4199,1051.05,10.01
1.4299,1054.9,8.03
1.4399,1059.41,6.05
1.4499,1065.9,3.96
1.4599,1063.92,0.0
1.4699,1058.86,0.0
1.4799,1063.37,0.0
1.4899,1062.38,0.0
1.4999,1059.52,0.0
1.5099,1052.04,0.0
1.5199,1051.49,0.0
1.5299,1045.88,0.0
1.5399,1037.96,0.0
1.5499,1034.55,0.0
1.5599,1028.72,0.0
1.5699,1031.58,0.0
1.5799,1023.77,0.0
1.5899,1024.54,0.0
1.5999,1020.91,0.0
1.6099,1017.61,0.0
1.6199,1018.82,0.0
1.6299,1016.07,0.0
1.6399,1022.34,0.0
1.6499,1024.32,0.0
1.6599,1026.19,0.0
1.6699,1031.36,0.0
1.6799,1032.46,0.0
1.6899,1029.27,0.0
1.6999,1026.85,0.0
1.7099,1016.51,0.0
1.7199,1003.31,0.0
1.7299,980.87,0.0
1.7399,961.73,6.82
1.7499,938.52,13.64
1.7599,907.83,22.88
1.7699,874.83,41.14
1.7799,847.55,83.38
1.7899,809.16,170.72
1.7999,770.33,233.86
1.8099,720.61,302.83
1.8199,662.42,362.34
1.8299,599.83,406.01
1.8399,526.9,464.31
1.8499,451.66,522.83
1.8599,364.32,582.23
1.8699,269.39,687.39
1.8799,176.11,788.04
1.8899,109.01,865.59
1.8999,64.35,943.58
1.9099,44.11,1005.62
1.9199,28.49,1057.76
1.9299,15.18,1098.68
1.9399,0.0,1127.61
1.9499,0.0,1147.52
1.9599,0.0,1148.07
1.9699,0.0,1149.83
1.9799,0.0,1139.27
1.9899,0.0,1131.24
1.9999,0.0,1120.9
2.0099,0.0,1104.95
2.0199,0.0,1093.84
2.0299,0.0,1075.14
2.0399,0.0,1063.81
2.0499,0.0,1055.34
2.0599,0.0,1041.15
2.0699,0.0,1032.57
2.0799,0.0,1031.36
2.0899,0.0,1025.31
2.0999,0.0,1021.9
2.1099,0.0,1022.45
2.1199,0.0,1023.33
2.1299,0.0,1028.83
2.1399,0.0,1036.86
2.1498,0.0,1040.27
2.1598,0.0,1048.41
2.1698,0.0,1054.24
2.1798,0.0,1055.23
2.1898,0.0,1063.26
2.1998,0.0,1069.86
2.2098,0.0,1064.36
2.2198,0.0,1061.39
2.2298,0.0,1063.7
2.2398,0.0,1059.08
2.2498,0.0,1047.97
2.2598,0.0,1036.42
2.2698,0.0,1020.25
2.2798,8.25,1005.73
2.2898,24.75,989.45
2.2998,88.22,966.24
2.3098,227.48,942.92
2.3198,338.69,914.43
2.3298,406.67,868.56
2.3398,445.17,825.11
2.3498,470.25,777.37
2.3598,509.85,721.05
2.3698,576.84,670.56
2.3798,648.01,611.71
2.3898,699.82,547.58
2.3998,753.5,482.13
2.4098,795.85,392.48
2.4198,838.86,301.84
2.4298,864.49,225.61
2.4398,896.61,152.68
2.4498,918.94,98.45
2.4598,941.27,63.03
2.4698,966.13,42.9
2.4798,986.92,22.55
2.4898,1003.86,20.46
2.4998,1016.62,8.03
2.5098,1038.18,6.05
2.5198,1052.7,0.0
2.5298,1071.62,0.0
2.5398,1080.09,0.0
2.5498,1088.23,0.0
2.5598,1094.39,0.0
2.5698,1089.22,0.0
2.5798,1092.52,0.0
2.5898,1082.73,0.0
2.5998,1083.72,0.0
2.6098,1073.82,0.0
2.6198,1070.63,0.0
2.6298,1063.15,0.0
2.6398,1057.98,0.0
2.6498,1046.32,0.0
2.6598,1041.7,0.0
2.6698,1032.57,0.0
2.6798,1026.41,0.0
2.6898,1010.68,0.0
2.6998,1006.5,0.0
2.7098,996.93,0.0
2.7198,982.63,0.0
2.7298,974.82,0.0
2.7398,967.23,0.0
2.7498,955.13,0.0
2.7598,943.69,0.0
2.7698,930.93,0.0
2.7798,909.92,0.0
2.7898,886.38,0.0
2.7998,864.49,0.0
2.8098,837.87,0.0
2.8198,812.79,9.13
2.8298,788.04,25.08
2.8398,760.32,89.21
2.8498,730.07,225.28
2.8598,688.38,326.04
2.8698,641.08,413.27
2.8798,578.71,507.87
2.8898,517.66,580.91
2.8998,452.54,683.54
2.9098,365.09,784.19
2.9198,261.03,861.85
2.9298,167.42,931.37
2.9398,106.92,996.27
2.9498,66.55,1050.06
2.9598,41.91,1085.48
2.9698,19.69,1118.37
2.9798,13.31,1137.51
2.9898,4.51,1145.32
2.9998,4.51,1142.57
3.0098,0.0,1136.52
3.0198,0.0,1116.06
3.0298,0.0,1102.86
3.0398,0.0,1094.28
3.0498,0.0,1073.93
3.0598,0.0,1062.16
3.0698,0.0,1048.74
3.0798,0.0,1039.61
3.0898,0.0,1035.54
3.0998,0.0,1034.44
3.1098,0.0,1029.82
3.1198,0.0,1031.36
3.1298,0.0,1035.32
3.1398,0.0,1039.39
3.1498,0.0,1050.72
3.1598,0.0,1059.63
3.1698,0.0,1071.07
3.1798,0.0,1080.64
3.1898,0.0,1090.21
3.1998,0.0,1098.57
3.2098,0.0,1106.82
3.2198,0.0,1115.29
3.2298,0.0,1116.94
3.2398,0.0,1116.06
3.2498,0.0,1115.62
3.2598,0.0,1110.67
3.2698,0.0,1096.92
3.2798,0.0,1078.88
3.2898,0.0,1060.95
3.2998,8.25,1033.89
3.3098,20.68,1003.42
3.3198,73.59,973.39
3.3298,221.54,931.48
3.3398,362.89,891.55
3.3498,451.99,836.55
3.3598,521.84,775.72
3.3698,565.84,711.59
3.3798,629.42,657.58
3.3898,696.96,599.94
3.3998,750.75,529.65
3.4098,806.96,455.4
3.4198,858.99,370.26
3.4298,902.44,283.69
3.4398,943.69,197.67
3.4498,972.29,127.71
3.4598,998.36,82.72
3.4698,1013.65,61.6
3.4798,1024.32,48.51
3.4898,1031.03,36.85
3.4998,1031.47,32.78
3.5098,1032.46,21.23
3.5198,1036.53,14.19
3.5298,1036.31,8.03
3.5398,1038.29,6.05
3.5498,1035.54,3.96
3.5598,1043.57,3.96
3.5698,1056.0,0.0
3.5797,1059.41,0.0
3.5897,1062.93,0.0
3.5997,1066.34,0.0
3.6097,1067.22,0.0
3.6197,1062.6,0.0
3.6297,1064.14,0.0
3.6397,1061.61,0.0
3.6497,1059.19,0.0
3.6597,1056.66,0.0
3.6697,1058.09,0.0
3.6797,1061.83,0.0
3.6897,1063.48,0.0
3.6997,1067.0,0.0
3.7097,1068.32,0.0
3.7197,1069.53,0.0
3.7297,1068.76,0.0
3.7397,1064.25,0.0
3.7497,1062.05,0.0
3.7597,1054.46,0.0
3.7697,1053.91,0.0
3.7797,1038.51,0.0
3.7897,1021.9,0.0
3.7997,998.14,0.0
3.8097,977.46,0.0
3.8197,956.89,0.0
3.8297,920.81,0.0
3.8397,885.83,0.0
3.8497,850.41,0.0
3.8597,819.06,20.57
3.8697,780.67,93.28
3.8797,741.73,241.78
3.8897,689.48,344.63
3.8997,629.42,447.15
3.9097,553.96,532.4
3.9197,478.39,605.33
3.9297,387.64,684.53
3.9397,282.15,775.94
3.9497,186.45,856.9
3.9597,111.21,950.4
3.9697,64.24,1031.03
3.9797,44.11,1102.75
3.9897,24.2,1152.91
3.9997,6.71,1185.69
4.0097,4.51,1207.58
4.0197,0.0,1217.37
4.0297,0.0,1220.67
4.0397,0.0,1205.71
4.0497,0.0,1185.58
4.0597,0.0,1164.35
4.0697,0.0,1140.04
4.0797,0.0,1114.63
4.0897,0.0,1084.49
4.0997,0.0,1069.42
4.1097,0.0,1048.63
4.1197,0.0,1030.59
4.1297,0.0,1022.45
4.1397,0.0,1018.49
4.1497,0.0,1009.58
4.1597,0.0,1015.41
4.1697,0.0,1018.6
4.1797,0.0,1026.08
4.1897,0.0,1038.29
4.1997,0.0,1048.63
4.2097,0.0,1056.66
4.2197,0.0,1078.99
4.2297,0.0,1096.48
4.2397,0.0,1109.02
4.2497,0.0,1124.31
4.2597,0.0,1130.36
4.2697,0.0,1136.52
4.2797,0.0,1138.5
4.2897,0.0,1133.11
4.2997,0.0,1125.96
4.3097,0.0,1109.68
4.3197,4.07,1098.24
4.3297,8.25,1078.22
4.3397,16.5,1048.3
4.3497,35.09,1020.36
4.3597,100.54,991.98
4.3697,217.36,958.32
4.3797,332.64,918.83
4.3897,402.71,885.39
4.3997,445.94,821.15
4.4097,480.92,763.4
4.4197,528.66,712.47
4.4297,591.8,666.71
4.4397,648.23,614.9
4.4497,682.88,561.66
4.4597,728.2,484.33
4.4697,766.7,412.28
4.4797,802.89,328.46
4.4897,836.88,255.2
4.4997,868.67,190.3
4.5097,892.32,124.74
4.5197,923.01,82.28
4.5297,949.52,49.28
4.5397,974.27,25.41
4.5497,992.86,18.48
4.5597,1015.96,11.55
4.5697,1030.26,9.46
4.5797,1042.25,0.0
4.5897,1054.46,0.0
4.5997,1064.58,0.0
4.6097,1071.95,0.0
4.6197,1079.54,0.0
4.6297,1082.95,0.0
4.6397,1086.47,0.0
4.6497,1088.01,0.0
4.6597,1087.79,0.0
4.6697,1086.58,0.0
4.6797,1081.74,0.0
4.6897,1080.53,0.0
4.6997,1073.38,0.0
4.7097,1073.05,0.0
4.7197,1067.77,0.0
4.7297,1062.38,0.0
4.7397,1059.19,0.0
4.7497,1054.02,0.0
4.7597,1051.16,0.0
4.7697,1039.72,3.96
4.7797,1034.99,3.96
4.7897,1027.07,3.96
4.7997,1015.52,0.0
4.8097,1005.95,0.0
4.8197,994.51,0.0
4.8297,985.71,0.0
4.8397,967.89,0.0
4.8497,943.58,0.0
4.8597,927.19,0.0
4.8697,897.82,4.51
4.8797,873.84,11.44
4.8897,840.73,22.88
4.8997,811.47,64.9
4.9097,781.66,170.39
4.9197,745.25,289.19
4.9297,702.02,396.0
4.9397,642.51,489.5
4.9497,574.75,600.71
4.9597,490.05,709.61
4.9697,396.33,799.26
4.9797,297.88,858.11
4.9897,200.75,924.55
4.9997,122.43,987.69
5.0096,71.06,1036.64
5.0196,41.91,1078.0
5.0296,19.69,1114.96
5.0396,10.89,1135.42
5.0496,4.51,1146.86
5.0596,0.0,1146.86
5.0696,0.0,1133.22
5.0796,0.0,1118.04
5.0896,0.0,1100.77
5.0996,0.0,1081.3
5.1096,0.0,1063.15
5.1196,0.0,1044.56
5.1296,0.0,1028.94
5.1396,0.0,1019.59
5.1496,0.0,1010.46
5.1596,0.0,1008.7
5.1696,0.0,1002.1
5.1796,0.0,1007.93
5.1896,0.0,1013.43
5.1996,0.0,1019.59
5.2096,0.0,1030.26
5.2196,0.0,1041.48
5.2296,0.0,1060.18
5.2396,0.0,1069.2
5.2496,0.0,1085.48
5.2596,0.0,1099.67
5.2696,0.0,1111.0
5.2796,0.0,1114.85
5.2896,0.0,1115.95
5.2996,0.0,1112.87
5.3096,0.0,1100.44
5.3196,6.16,1081.52
5.3296,16.5,1058.53
5.3396,46.97,1026.3
5.3496,135.96,999.57
5.3596,288.42,962.83
5.3696,400.51,914.43
5.3796,497.31,847.77
5.3896,573.43,780.01
5.3996,632.06,722.48
5.4096,708.84,651.97
5.4196,785.51,597.85
5.4296,835.89,529.76
5.4396,879.34,452.1
5.4496,912.34,364.32
5.4596,938.3,270.82
5.4696,957.66,177.65
5.4796,972.62,106.81
5.4896,990.11,67.76
5.4996,1006.28,43.12
5.5096,1022.56,28.71
5.5196,1030.15,23.76
5.5296,1039.06,17.6
5.5396,1045.33,10.01
5.5496,1052.04,8.03
5.5596,1049.51,6.05
5.5696,1055.67,3.96
5.5796,1057.32,0.0
5.5896,1058.64,0.0
5.5996,1057.54,0.0
5.6096,1052.26,0.0
5.6196,1055.78,0.0
5.6296,1052.48,0.0
5.6396,1047.64,0.0
5.6496,1046.87,0.0
5.6596,1048.41,0.0
5.6696,1045.33,0.0
5.6796,1046.76,0.0
5.6896,1047.97,0.0
5.6996,1046.98,0.0
5.7096,1044.23,0.0
5.7196,1044.01,0.0
5.7296,1041.92,0.0
5.7396,1041.92,0.0
5.7496,1037.3,0.0
5.7596,1031.69,0.0
5.7696,1026.3,0.0
5.7796,1020.91,0.0
5.7896,1007.05,0.0
5.7996,988.24,0.0
5.8096,970.09,0.0
5.8196,949.63,0.0
5.8296,921.8,0.0
5.8396,896.5,9.13
5.8496,859.54,20.57
5.8596,828.08,65.34
5.8696,793.65,188.87
5.8796,753.61,312.73
5.8896,709.72,404.47
5.8996,654.28,488.95
5.9096,585.64,540.76
5.9196,510.73,610.39
5.9296,433.4,716.21
5.9396,333.19,782.32
5.9496,227.37,857.67
5.9596,140.47,927.19
5.9696,82.28,989.78
5.9796,50.82,1049.18
5.9896,33.0,1087.57
5.9996,13.31,1118.48
6.0096,6.71,1142.46
6.0196,4.51,1155.33
6.0296,0.0,1156.87
6.0396,0.0,1151.15
6.0496,0.0,1145.76
6.0596,0.0,1130.25
6.0696,0.0,1114.85
6.0796,0.0,1101.21
6.0896,0.0,1081.19
6.0996,0.0,1069.75
6.1096,0.0,1056.99
6.1196,0.0,1048.63
6.1296,0.0,1039.94
6.1396,0.0,1038.4
6.1496,0.0,1034.66
6.1596,0.0,1040.05
6.1696,0.0,1040.6
6.1796,0.0,1048.52
6.1896,0.0,1051.71
6.1996,0.0,1062.05
6.2096,0.0,1065.35
6.2196,0.0,1073.71
6.2296,0.0,1081.63
6.2396,0.0,1092.08
6.2496,0.0,1100.77
6.2596,0.0,1111.44
6.2696,0.0,1115.29
6.2796,0.0,1116.83
6.2896,0.0,1121.34
6.2996,0.0,1123.76
6.3096,0.0,1116.72
6.3196,0.0,1100.22
6.3296,0.0,1084.16
6.3396,0.0,1063.26
6.3496,8.25,1039.5
6.3596,20.68,1013.54
6.3696,54.89,981.31
6.3796,158.29,955.46
6.3896,284.46,924.22
6.3996,368.5,878.24
6.4096,429.55,834.9
6.4196,484.33,787.6
6.4295,538.56,738.65
6.4395,594.99,693.44
6.4495,638.33,638.88
6.4595,672.87,573.54
6.4695,707.41,506.11
6.4795,739.42,428.89
6.4895,773.19,345.07
6.4995,798.6,270.16
6.5095,830.06,203.5
6.5195,859.43,147.73
6.5295,884.51,93.94
6.5395,916.3,63.03
6.5495,944.46,34.32
6.5595,970.2,18.48
6.5695,983.62,11.55
6.5795,1004.19,3.96
6.5895,1020.14,3.96
6.5995,1027.95,0.0
6.6095,1037.63,0.0
6.6195,1043.24,0.0
6.6295,1053.14,0.0
6.6395,1056.88,0.0
6.6495,1053.47,0.0
6.6595,1058.97,0.0
6.6695,1057.87,0.0
6.6795,1057.43,0.0
6.6895,1058.86,0.0
6.6995,1056.99,0.0
6.7095,1056.77,0.0
6.7195,1049.51,0.0
6.7295,1047.2,0.0
6.7395,1044.56,0.0
6.7495,1046.54,0.0
6.7595,1041.7,0.0
6.7695,1043.02,0.0
6.7795,1042.47,0.0
6.7895,1039.5,0.0
6.7995,1039.28,0.0
6.8095,1036.97,0.0
6.8195,1032.79,0.0
6.8295,1035.21,0.0
6.8395,1027.84,0.0
6.8495,1022.89,0.0
6.8595,1004.85,0.0
6.8695,990.66,0.0
6.8795,970.86,0.0
6.8895,944.24,0.0
6.8995,914.87,6.82
6.9095,889.02,18.26
6.9195,855.91,60.5
6.9295,824.34,173.69
6.9395,790.57,288.75
6.9495,747.34,375.87
6.9595,697.29,456.5
6.9695,632.83,509.74
6.9795,560.34,561.99
6.9895,485.32,634.04
6.9995,406.12,713.79
7.0095,307.56,783.97
7.0195,210.43,850.52
7.0295,135.96,912.12
7.0395,82.28,961.4
7.0495,55.33,1016.29
7.0595,37.29,1055.01
7.0695,17.49,1092.19
7.0795,6.71,1119.03
7.0895,4.51,1136.3
7.0995,0.0,1146.31
7.1095,0.0,1141.91
7.1195,0.0,1135.86
7.1295,0.0,1127.28
7.1395,0.0,1118.7
7.1495,0.0,1107.59
7.1595,0.0,1103.96
7.1695,0.0,1092.08
7.1795,0.0,1085.59
7.1895,0.0,1076.35
7.1995,0.0,1077.01
7.2095,0.0,1073.38
7.2195,0.0,1074.26
7.2295,0.0,1069.97
7.2395,0.0,1075.8
7.2495,0.0,1083.72
7.2595,0.0,1082.07
7.2695,0.0,1087.79
7.2795,0.0,1090.65
7.2895,0.0,1098.9
7.2995,0.0,1109.35
7.3095,0.0,1115.07
7.3195,0.0,1122.99
7.3295,0.0,1126.73
7.3395,0.0,1128.38
7.3495,0.0,1122.88
7.3595,6.16,1115.4
7.3695,12.32,1098.68
7.3795,18.59,1080.42
7.3895,30.36,1055.23
7.3995,48.4,1032.35
7.4095,92.84,1006.83
7.4195,181.28,979.0
7.4295,289.85,948.97
7.4395,393.14,906.62
7.4495,480.92,858.11
7.4595,560.67,797.5
7.4695,665.61,748.66
7.4795,737.99,685.41
7.4895,783.97,633.27
7.4995,825.33,568.81
7.5095,857.78,500.39
7.5195,887.92,428.23
7.5295,905.08,345.95
7.5395,924.0,252.01
7.5495,938.85,173.14
7.5595,960.63,114.62
7.5695,975.92,69.3
7.5795,991.87,43.67
7.5895,1010.24,31.57
7.5995,1024.76,25.41
7.6095,1034.99,20.46
7.6195,1046.98,11.55
7.6295,1059.41,3.96
7.6395,1067.33,0.0
7.6495,1070.19,0.0
7.6595,1078.0,0.0
7.6695,1076.9,0.0
7.6795,1079.98,0.0
7.6895,1074.7,0.0
7.6995,1078.0,0.0
7.7095,1068.32,0.0
7.7195,1065.57,0.0
7.7295,1062.6,0.0
7.7395,1054.79,0.0
7.7495,1051.27,0.0
7.7595,1052.37,0.0
7.7695,1044.89,0.0
7.7795,1041.59,0.0
7.7895,1041.15,0.0
7.7995,1033.12,0.0
7.8095,1034.44,0.0
7.8195,1030.15,0.0
7.8295,1022.89,0.0
7.8395,1011.23,0.0
7.8495,1001.88,0.0
7.8594,987.25,0.0
7.8694,979.11,0.0
7.8794,964.7,0.0
7.8894,952.38,0.0
7.8994,944.13,0.0
7.9094,933.35,0.0
7.9194,905.63,6.82
7.9294,885.28,15.95
7.9394,858.77,40.59
7.9494,831.05,117.48
7.9594,801.24,245.85
7.9694,764.94,352.33
7.9794,726.11,449.79
7.9894,671.44,515.35
7.9994,615.23,594.33
8.0094,539.99,687.39
8.0194,462.22,759.44
8.0294,376.53,821.7
8.0394,273.57,881.1
8.0494,180.29,941.27
8.0594,111.21,993.41
8.0694,70.84,1037.63
8.0794,44.11,1067.88
8.0894,28.49,1098.57
8.0994,15.18,1111.66
8.1094,6.71,1123.32
8.1194,4.51,1115.95
8.1294,0.0,1109.24
8.1394,0.0,1100.11
8.1494,0.0,1082.29
8.1594,0.0,1078.0
8.1694,0.0,1064.03
8.1794,0.0,1047.64
8.1894,0.0,1040.49
8.1994,0.0,1035.76
8.2094,0.0,1031.14
8.2194,0.0,1026.41
8.2294,0.0,1026.85
8.2394,0.0,1026.74
8.2494,0.0,1027.51
8.2594,0.0,1032.68
8.2694,0.0,1040.49
8.2794,0.0,1051.38
8.2894,0.0,1062.93
8.2994,0.0,1074.48
8.3094,0.0,1086.47
8.3194,0.0,1105.61
8.3294,0.0,1125.41
8.3394,0.0,1127.06
8.3494,0.0,1138.39
8.3594,0.0,1141.91
8.3694,0.0,1141.47
8.3794,0.0,1138.5
8.3894,4.07,1123.76
8.3994,8.25,1105.5
8.4094,14.41,1089.99
8.4194,30.36,1063.04
8.4294,54.34,1025.64
8.4394,132.0,991.1
8.4494,269.94,949.52
8.4594,380.16,903.32
8.4694,465.63,847.33
8.4794,534.38,790.68
8.4894,603.79,739.86
8.4994,694.87,687.94
8.5094,753.83,631.62
8.5194,800.47,564.63
8.5294,831.82,493.9
8.5394,855.69,411.07
8.5494,881.54,321.97
8.5594,898.81,230.34
8.5694,918.28,154.0
8.5794,937.64,98.01
8.5894,956.89,65.01
8.5994,974.16,42.46
8.6094,987.69,28.71
8.6194,1003.75,15.51
8.6294,1022.34,8.03
8.6394,1030.15,6.05
8.6494,1040.38,3.96
8.6594,1050.72,0.0
8.6694,1065.02,0.0
8.6794,1068.43,0.0
8.6894,1073.82,0.0
8.6994,1077.12,0.0
8.7094,1078.22,0.0
8.7194,1072.5,0.0
8.7294,1069.09,0.0
8.7394,1063.15,0.0
8.7494,1057.87,0.0
8.7594,1047.97,0.0
8.7694,1043.13,0.0
8.7794,1037.74,0.0
8.7894,1030.26,0.0
8.7994,1018.71,0.0
8.8094,1016.4,0.0
8.8194,1007.82,0.0
8.8294,1005.62,0.0
8.8394,1000.78,0.0
8.8494,996.71,0.0
8.8594,1002.1,0.0
8.8694,994.29,0.0
8.8794,986.7,0.0
8.8894,974.49,0.0
8.8994,958.32,0.0
8.9094,938.08,0.0
8.9194,915.53,0.0
8.9294,884.07,0.0
8.9394,857.78,4.51
8.9494,818.07,20.57
8.9594,782.1,87.45
8.9694,747.67,253.99
8.9794,704.11,376.42
8.9894,649.11,464.75
8.9994,575.3,548.46
9.0094,497.86,610.61
9.0194,409.09,727.54
9.0294,298.76,834.57
9.0394,196.68,905.52
9.0494,118.14,999.9
9.0594,70.95,1076.57
9.0694,46.31,1139.27
9.0794,28.71,1179.86
9.0894,13.31,1206.26
9.0994,6.71,1225.18
9.1094,4.51,1220.45
9.1194,0.0,1213.63
9.1294,0.0,1195.7
9.1394,0.0,1170.95
9.1494,0.0,1146.53
9.1594,0.0,1121.34
9.1694,0.0,1099.23
9.1794,0.0,1075.91
9.1894,0.0,1060.4
9.1994,0.0,1044.34
9.2094,0.0,1030.04
9.2194,0.0,1025.75
9.2294,0.0,1021.9
9.2394,0.0,1022.78
9.2494,0.0,1018.27
9.2594,0.0,1028.17
9.2694,0.0,1036.09
9.2794,0.0,1046.1
9.2893,0.0,1055.67
9.2993,0.0,1072.5
9.3093,0.0,1093.95
9.3193,0.0,1106.71
9.3293,0.0,1126.4
9.3393,0.0,1139.16
9.3493,0.0,1150.05
9.3593,0.0,1156.87
9.3693,0.0,1158.85
9.3793,20.24,1154.01
9.3893,34.32,1144.33
9.3993,58.3,1130.8
9.4093,88.66,1105.5
9.4193,127.93,1080.2
9.4293,171.71,1051.05
9.4393,212.96,1021.24
9.4493,252.12,979.33
9.4593,308.22,936.32
9.4693,391.93,887.15
9.4793,497.97,839.3
9.4893,579.59,773.08
9.4993,653.84,722.04
9.5093,706.86,669.68
9.5193,745.8,617.21
9.5293,774.29,549.89
9.5393,798.49,478.17
9.5493,815.98,396.77
9.5593,828.85,307.78
9.5693,850.96,215.27
9.5793,865.7,142.67
9.5893,885.28,94.38
9.5993,906.95,65.78
9.6093,931.04,47.74
9.6193,955.57,25.41
9.6293,982.74,20.46
9.6393,1007.71,13.53
9.6493,1025.86,6.05
9.6593,1035.54,3.96
9.6693,1044.89,0.0
9.6793,1054.79,0.0
9.6893,1060.07,0.0
9.6993,1060.84,0.0
9.7093,1062.05,0.0
9.7193,1060.51,0.0
9.7293,1056.88,0.0
9.7393,1048.85,0.0
9.7493,1052.04,0.0
9.7593,1046.43,0.0
9.7693,1045.22,0.0
9.7793,1041.92,0.0
9.7893,1038.51,0.0
9.7993,1035.76,0.0
9.8093,1032.68,23.21
9.8193,1029.93,35.2
9.8293,1025.31,28.6
9.8393,1016.62,16.5
9.8493,1012.55,3.96
9.8593,998.91,0.0
9.8693,989.01,13.09
9.8793,975.26,24.31
9.8893,958.87,31.02
9.8993,940.94,35.53
9.9093,920.81,37.84
9.9193,899.8,42.46
9.9293,870.32,57.42
9.9393,843.59,83.71
9.9493,810.37,146.08
9.9593,784.74,232.65
9.9693,746.9,320.76
9.9793,709.83,410.74
9.9893,658.68,473.55
9.9993,594.33,538.67
10.0093,524.26,620.95
10.0193,453.86,702.79
10.0293,360.36,768.9
10.0393,256.41,833.58
10.0493,162.69,897.16
10.0593,97.9,961.29
10.0693,55.33,1013.43
10.0793,39.6,1051.05
10.0893,17.49,1086.47
10.0993,6.71,1112.43
10.1093,4.51,1124.31
10.1193,0.0,1131.24
10.1293,0.0,1124.53
10.1393,0.0,1118.59
10.1493,0.0,1103.08
10.1593,0.0,1086.8
10.1693,0.0,1075.36
10.1793,0.0,1067.22
10.1893,0.0,1053.58
10.1993,0.0,1044.34
10.2093,0.0,1038.18
10.2193,0.0,1028.83
10.2293,0.0,1032.46
10.2393,0.0,1031.25
10.2493,0.0,1031.8
10.2593,0.0,1037.08
10.2693,0.0,1041.04
10.2793,0.0,1046.65
10.2893,0.0,1051.93
10.2993,0.0,1062.38
10.3093,0.0,1070.08
10.3193,0.0,1085.26
10.3293,0.0,1093.51
10.3393,0.0,1108.91
10.3493,0.0,1119.58
10.3593,0.0,1130.58
10.3693,0.0,1127.94
10.3793,4.07,1128.16
10.3893,10.34,1118.81
10.3993,20.68,1110.23
10.4093,42.79,1087.68
10.4193,83.16,1069.64
10.4293,149.82,1040.05
10.4393,228.91,1007.82
10.4493,296.12,966.02
10.4593,352.88,919.27
10.4693,408.76,872.52
10.4793,478.83,817.74
10.4893,582.12,768.13
10.4993,649.55,716.43
10.5093,700.37,669.24
10.5193,741.95,617.32
10.5293,776.6,557.15
10.5393,802.34,481.91
10.5493,824.01,401.83
10.5593,839.08,312.84
10.5693,858.11,225.17
10.5793,871.09,148.83
10.5893,889.02,95.15
10.5993,908.6,63.69
10.6093,928.62,41.58
10.6193,952.82,23.32
10.6293,972.84,18.48
10.6393,995.5,3.96
10.6493,1009.69,0.0
10.6593,1028.5,0.0
10.6693,1040.71,0.0
10.6793,1053.14,0.0
10.6893,1065.35,0.0
10.6993,1069.09,0.0
10.7093,1072.72,0.0
10.7192,1073.93,0.0
10.7292,1071.07,0.0
10.7392,1068.1,0.0
10.7492,1060.62,0.0
10.7592,1057.76,0.0
10.7692,1050.39,0.0
10.7792,1042.8,0.0
10.7892,1037.74,0.0
10.7992,1026.85,0.0
10.8092,1016.07,0.0
10.8192,1009.8,0.0
10.8292,1004.96,0.0
10.8392,997.81,0.0
10.8492,985.82,0.0
10.8592,974.82,0.0
10.8692,960.52,0.0
10.8792,950.73,0.0
10.8892,936.43,0.0
10.8992,928.18,4.51
10.9092,909.15,6.82
10.9192,896.06,11.44
10.9292,875.6,11.44
10.9392,848.65,20.57
10.9492,829.62,36.19
10.9592,806.63,95.81
10.9692,776.6,216.37
10.9792,739.86,326.92
10.9892,695.86,417.67
10.9992,640.53,489.61
11.0092,570.13,543.4
11.0192,490.27,643.06
11.0292,403.81,743.16
11.0392,302.83,825.44
11.0492,207.68,896.28
11.0592,129.03,973.28
11.0692,79.86,1036.86
11.0792,53.02,1086.47
11.0892,30.8,1117.38
11.0992,17.49,1135.97
11.1092,11.0,1145.65
11.1192,4.51,1148.07
11.1292,4.51,1133.77
11.1392,0.0,1125.19
11.1492,0.0,1106.27
11.1592,0.0,1087.79
11.1692,0.0,1074.7
11.1792,0.0,1056.99
11.1892,0.0,1040.38
11.1992,0.0,1029.05
11.2092,0.0,1024.43
11.2192,0.0,1020.14
11.2292,0.0,1013.1
11.2392,0.0,1015.52
11.2492,0.0,1020.58
11.2592,0.0,1021.57
11.2692,0.0,1033.56
11.2792,0.0,1046.21
11.2892,0.0,1060.73
11.2992,0.0,1071.51
11.3092,0.0,1087.35
11.3192,0.0,1098.13
11.3292,0.0,1112.87
11.3392,0.0,1119.91
11.3492,0.0,1124.42
11.3592,0.0,1133.55
11.3692,0.0,1133.0
11.3792,0.0,1125.3
11.3892,0.0,1113.53
11.3992,6.16,1092.3
11.4092,20.68,1069.31
11.4192,44.88,1041.92
11.4292,117.04,1007.93
11.4392,234.85,978.56
11.4492,334.4,932.8
11.4592,420.09,879.12
11.4692,501.16,816.53
11.4792,567.16,758.23
11.4892,678.15,697.18
11.4992,756.03,640.2
11.5092,802.23,582.45
11.5192,850.3,513.37
11.5292,882.64,430.54
11.5392,908.71,347.27
11.5492,927.96,248.49
11.5592,944.9,155.1
11.5692,962.06,98.01
11.5792,977.13,60.5
11.5892,992.86,47.74
11.5992,1008.7,33.55
11.6092,1016.51,22.55
11.6192,1026.96,18.48
11.6292,1035.1,13.53
11.6392,1041.04,3.96
11.6492,1042.58,0.0
11.6592,1041.26,0.0
11.6692,1046.21,0.0
11.6792,1046.87,0.0
11.6892,1048.08,0.0
11.6992,1046.65,0.0
11.7092,1045.99,0.0
11.7192,1043.02,0.0
11.7292,1045.99,0.0
11.7392,1049.62,0.0
11.7492,1050.83,0.0
11.7592,1054.79,0.0
11.7692,1051.93,0.0
11.7792,1051.16,0.0
11.7892,1044.01,0.0
11.7992,1034.88,0.0
11.8092,1037.41,0.0
11.8192,1028.94,0.0
11.8292,1020.58,0.0
11.8392,1014.09,0.0
11.8492,1006.5,0.0
11.8592,996.49,0.0
11.8692,987.25,0.0
11.8792,972.84,6.82
11.8892,957.0,13.64
11.8992,941.27,15.95
11.9092,917.95,20.57
11.9192,887.92,38.28
11.9292,857.01,81.84
11.9392,821.59,179.63
11.9492,785.29,291.28
11.9592,744.59,390.06
11.9692,696.52,473.44
11.9792,640.75,534.71
11.9892,555.72,631.4
11.9992,471.57,717.64
12.0092,383.9,781.55
12.0192,269.83,854.04
12.0292,171.71,923.12
12.0392,102.41,988.24
12.0492,62.04,1038.51
12.0592,41.91,1081.41
12.0692,19.69,1112.1
12.0792,11.0,1128.93
12.0892,4.51,1138.39
12.0992,4.51,1139.16
12.1092,0.0,1137.07
12.1192,0.0,1124.2
12.1292,0.0,1111.11
12.1392,0.0,1092.52
12.1491,0.0,1079.76
12.1591,0.0,1068.98
12.1691,0.0,1060.07
12.1791,0.0,1053.69
12.1891,0.0,1049.73
12.1991,0.0,1040.6
12.2091,0.0,1041.48
12.2191,0.0,1037.3
12.2291,0.0,1040.49
12.2391,0.0,1041.48
12.2491,0.0,1044.67
12.2591,0.0,1045.66
12.2691,0.0,1048.85
12.2791,0.0,1057.1
12.2891,0.0,1060.51
12.2991,0.0,1066.67
12.3091,0.0,1075.03
12.3191,0.0,1081.19
12.3291,0.0,1085.26
12.3391,0.0,1082.84
12.3491,0.0,1082.51
12.3591,0.0,1073.49
12.3691,0.0,1066.23
12.3791,8.25,1052.59
12.3891,14.41,1031.58
12.3991,32.67,1008.37
12.4091,74.8,982.63
12.4191,167.86,942.37
12.4291,288.09,911.9
12.4391,386.76,873.62
12.4491,467.39,823.57
12.4591,536.25,766.92
12.4691,624.69,707.41
12.4791,707.41,653.29
12.4891,766.04,585.75
12.4991,824.78,507.87
12.5091,872.52,423.5
12.5191,911.68,330.11
12.5291,946.44,247.5
12.5391,970.64,169.07
12.5491,999.46,109.67
12.5591,1022.56,76.12
12.5691,1043.35,55.33
12.5791,1055.67,33.55
12.5891,1063.26,22.55
12.5991,1068.98,18.48
12.6091,1070.08,11.55
12.6191,1067.0,0.0
12.6291,1068.21,0.0
12.6391,1058.31,0.0
12.6491,1057.32,0.0
12.6591,1055.78,0.0
12.6691,1054.68,0.0
12.6791,1051.38,0.0
12.6891,1046.1,0.0
12.6991,1047.31,0.0
12.7091,1044.23,0.0
12.7191,1045.44,0.0
12.7291,1044.23,0.0
12.7391,1042.8,0.0
12.7491,1043.68,0.0
12.7591,1044.78,0.0
12.7691,1041.26,0.0
12.7791,1046.54,0.0
12.7891,1047.09,0.0
12.7991,1041.48,0.0
12.8091,1040.6,0.0
12.8191,1034.11,0.0
12.8291,1034.88,0.0
12.8391,1027.51,0.0
12.8491,1013.65,0.0
12.8591,1004.63,0.0
12.8691,996.05,0.0
12.8791,979.33,0.0
12.8891,965.36,0.0
12.8991,953.04,0.0
12.9091,933.79,0.0
12.9191,912.12,6.82
12.9291,885.83,15.95
12.9391,857.12,38.06
12.9491,830.39,91.08
12.9591,800.58,205.37
12.9691,762.08,326.7
12.9791,725.23,439.78
12.9891,670.89,527.56
12.9991,608.85,606.65
13.0091,540.54,692.67
13.0191,462.11,765.27
13.0291,381.48,829.95
13.0391,294.91,896.39
13.0491,210.98,952.38
13.0591,142.12,1005.51
13.0691,81.95,1048.41
13.0791,57.42,1084.05
13.0891,35.09,1110.56
13.0991,17.49,1129.7
13.1091,17.49,1144.22
13.1191,6.71,1144.0
13.1291,4.51,1144.11
13.1391,4.51,1130.58
13.1491,0.0,1116.61
13.1591,0.0,1107.37
13.1691,0.0,1093.84
13.1791,0.0,1079.76
13.1891,0.0,1066.12
13.1991,0.0,1058.86
13.2091,0.0,1054.57
13.2191,0.0,1049.95
13.2291,0.0,1047.75
13.2391,0.0,1046.54
13.2491,0.0,1051.82
13.2591,0.0,1057.54
13.2691,0.0,1056.11
13.2791,0.0,1065.57
13.2891,0.0,1075.58
13.2991,0.0,1079.1
13.3091,0.0,1091.75
13.3191,0.0,1100.11
13.3291,0.0,1110.67
13.3391,0.0,1123.76
13.3491,0.0,1129.92
13.3591,0.0,1128.82
13.3691,0.0,1130.36
13.3791,0.0,1130.36
13.3891,0.0,1120.68
13.3991,0.0,1108.69
13.4091,0.0,1099.67
13.4191,0.0,1078.77
13.4291,0.0,1061.39
13.4391,8.25,1040.71
13.4491,22.77,1015.19
13.4591,44.66,977.9
13.4691,115.94,946.88
13.4791,250.03,909.15
13.4891,364.43,866.03
13.4991,446.6,823.24
13.5091,514.91,779.35
13.5191,568.81,735.57
13.5291,650.98,690.91
13.5391,698.5,635.8
13.5491,728.86,563.53
13.5591,763.95,495.99
13.5691,798.71,415.03
13.579,824.56,328.24
13.589,850.08,248.05
13.599,875.93,176.33
13.609,910.58,103.62
13.619,935.0,65.01
13.629,959.31,33.44
13.639,986.37,21.34
13.649,1002.54,21.34
13.659,1018.82,14.41
13.669,1031.14,9.46
13.679,1042.8,0.0
13.689,1050.39,5.5
13.699,1055.78,0.0
13.709,1061.5,0.0
13.719,1066.56,0.0
13.729,1065.68,0.0
13.739,1062.6,0.0
13.749,1063.81,0.0
13.759,1060.95,0.0
13.769,1057.65,0.0
13.779,1052.04,0.0
13.789,1048.74,0.0
13.799,1040.93,0.0
13.809,1037.74,0.0
13.819,1033.12,0.0
13.829,1023.44,0.0
13.839,1022.89,0.0
13.849,1016.18,0.0
13.859,1015.52,3.96
13.869,1011.45,9.46
13.879,1006.72,8.91
13.889,1000.12,0.0
13.899,992.97,0.0
13.909,978.56,0.0
13.919,966.46,0.0
13.929,951.39,0.0
13.939,932.03,6.82
13.949,912.12,11.44
13.959,885.06,24.75
13.969,848.43,54.89
13.979,811.36,135.74
13.989,773.08,274.23
13.999,729.96,408.76
14.009,677.82,586.74
14.019,619.74,681.12
14.029,538.56,758.56
14.039,451.77,834.9
14.049,346.72,895.84
14.059,227.59,963.71
14.069,133.76,1006.06
14.079,77.77,1054.24
14.089,48.51,1088.56
14.099,26.4,1120.35
14.109,11.0,1135.42
14.119,11.0,1146.75
14.129,4.51,1145.98
14.139,4.51,1131.79
14.149,0.0,1113.09
14.159,0.0,1091.42
14.169,0.0,1070.52
14.179,0.0,1052.26
14.189,0.0,1033.34
14.199,0.0,1022.12
14.209,0.0,1007.6
14.219,0.0,998.14
14.229,0.0,991.1
14.239,0.0,988.9
14.249,0.0,986.59
14.259,0.0,984.83
14.269,0.0,994.95
14.279,0.0,997.48
14.289,0.0,1007.82
14.299,0.0,1022.67
14.309,0.0,1034.77
14.319,0.0,1050.06
14.329,0.0,1070.85
14.339,0.0,1094.83
14.349,0.0,1111.44
14.359,0.0,1119.03
14.369,0.0,1129.92
14.379,0.0,1132.67
14.389,4.07,1122.77
14.399,14.41,1106.05
14.409,34.32,1079.98
14.419,78.21,1050.28
14.429,166.32,1018.16
14.439,287.87,979.0
14.449,404.47,933.24
14.459,503.36,871.09
14.469,622.27,802.34
14.479,719.95,736.34
14.489,793.32,661.87
14.499,851.62,596.75
14.509,888.14,530.75
14.519,918.61,455.18
14.529,937.42,366.19
14.539,952.6,272.25
14.549,971.63,182.6
14.559,984.83,110.33
14.569,995.94,73.37
14.579,1012.11,45.98
14.589,1019.59,31.57
14.599,1038.73,15.51
14.609,1045.0,13.53
14.619,1053.03,6.05
14.629,1056.88,9.46
14.639,1058.2,16.5
14.649,1052.92,0.0
14.659,1055.89,0.0
14.669,1050.61,0.0
14.679,1045.0,0.0
14.689,1043.68,0.0
14.699,1031.8,0.0
14.709,1028.39,0.0
14.719,1029.49,0.0
14.729,1032.57,0.0
14.739,1035.87,0.0
14.749,1039.06,0.0
14.759,1040.16,0.0
14.769,1050.28,0.0
14.779,1053.36,0.0
14.789,1061.06,0.0
14.799,1059.85,0.0
14.809,1060.84,0.0
14.819,1062.27,16.39
14.829,1055.23,11.55
14.839,1051.05,3.96
14.849,1046.76,0.0
14.859,1034.77,0.0
14.869,1018.27,0.0
14.879,998.58,0.0
14.889,979.99,0.0
14.899,955.79,0.0
14.909,932.69,0.0
14.919,905.19,9.13
14.929,877.25,20.57
14.939,847.77,51.81
14.949,816.75,146.19
14.959,784.63,262.9
14.969,752.62,372.9
14.979,711.48,458.04
14.989,656.04,538.12
14.999,596.09,642.18
15.0089,521.51,721.71
15.0189,445.83,772.2
15.0289,354.53,832.04
15.0389,256.08,892.43
15.0489,169.18,944.57
15.0589,102.41,1000.01
15.0689,64.24,1042.69
15.0789,44.11,1076.35
15.0889,33.22,1100.0
15.0989,15.18,1118.7
15.1089,6.71,1120.9
15.1189,4.51,1125.96
15.1289,0.0,1117.6
15.1389,0.0,1110.56
15.1489,0.0,1101.65
15.1589,0.0,1089.66
15.1689,0.0,1087.68
15.1789,0.0,1084.71
15.1889,0.0,1077.12
15.1989,0.0,1075.03
15.2089,0.0,1073.05
15.2189,0.0,1063.26
15.2289,0.0,1061.83
15.2389,0.0,1059.19
15.2489,0.0,1056.99
15.2589,0.0,1058.09
15.2689,0.0,1063.7
15.2789,0.0,1062.38
15.2889,0.0,1069.09
15.2989,0.0,1075.47
15.3089,0.0,1086.91
15.3189,0.0,1098.35
15.3289,0.0,1109.57
15.3389,0.0,1120.13
15.3489,0.0,1128.49
15.3589,0.0,1130.03
15.3689,0.0,1126.62
15.3789,4.07,1121.45
15.3889,14.41,1109.02
15.3989,28.38,1094.94
15.4089,46.31,1076.68
15.4189,88.11,1051.49
15.4289,148.06,1019.59
15.4389,234.19,991.54
15.4489,322.19,945.34
15.4589,417.12,895.62
15.4689,530.2,849.09
15.4789,619.63,786.28
15.4889,683.76,725.67
15.4989,738.98,676.17
15.5089,791.78,619.74
15.5189,826.87,558.91
15.5289,859.32,491.92
15.5389,878.68,413.38
15.5489,904.75,328.57
15.5589,922.68,248.82
15.5689,949.52,151.03
15.5789,967.78,101.53
15.5889,990.99,68.53
15.5989,1011.78,47.96
15.6089,1030.48,33.55
15.6189,1049.29,17.6
15.6289,1059.19,13.53
15.6389,1066.56,6.05
15.6489,1067.55,9.46
15.6589,1070.41,0.0
15.6689,1073.49,0.0
15.6789,1067.44,0.0
15.6889,1064.25,0.0
15.6989,1060.95,0.0
15.7089,1057.1,0.0
15.7189,1056.11,0.0
15.7289,1050.17,0.0
15.7389,1044.34,0.0
15.7489,1039.17,0.0
15.7589,1033.45,0.0
15.7689,1029.93,0.0
15.7789,1026.63,0.0
15.7889,1023.99,0.0
15.7989,1017.17,0.0
15.8089,1013.98,0.0
15.8189,1006.28,0.0
15.8289,998.58,0.0
15.8389,991.32,0.0
15.8489,975.7,0.0
15.8589,964.7,0.0
15.8689,956.34,0.0
15.8789,945.78,0.0
15.8889,937.75,0.0
15.8989,924.44,0.0
15.9089,913.44,13.31
15.9189,900.57,22.0
15.9289,882.09,31.24
15.9389,855.58,45.98
15.9489,830.28,72.16
15.9589,803.0,126.72
15.9689,775.17,227.37
15.9789,740.63,342.54
15.9889,702.24,463.54
15.9989,650.98,583.44
16.0089,587.95,644.82
16.0189,512.49,724.13
16.0289,432.74,790.57
16.0389,333.96,846.23
16.0489,239.03,904.64
16.0589,157.63,962.61
16.0689,93.17,1012.66
16.0789,64.02,1047.64
16.0889,41.8,1085.7
16.0989,21.89,1110.56
16.1089,17.49,1119.47
16.1189,11.0,1125.85
16.1289,4.51,1120.68
16.1389,4.51,1113.53
16.1489,0.0,1103.85
16.1589,0.0,1087.57
16.1689,0.0,1083.72
16.1789,0.0,1080.2
16.1889,0.0,1072.61
16.1989,0.0,1068.76
16.2089,0.0,1059.85
16.2189,0.0,1057.98
16.2289,0.0,1050.94
16.2389,0.0,1046.98
16.2489,0.0,1042.69
16.2589,0.0,1043.02
16.2689,0.0,1044.12
16.2789,0.0,1044.56
16.2889,0.0,1045.55
16.2989,0.0,1056.77
16.3089,0.0,1068.32
16.3189,0.0,1077.23
16.3289,0.0,1090.76
16.3389,0.0,1101.87
16.3489,0.0,1108.03
16.3589,0.0,1111.55
16.3689,0.0,1113.2
16.3789,0.0,1102.97
16.3889,0.0,1088.01
16.3989,0.0,1073.71
16.4089,0.0,1054.9
16.4189,10.34,1031.36
16.4288,34.32,1003.53
16.4388,100.65,970.75
16.4488,261.91,935.99
16.4588,415.47,883.96
16.4688,545.38,827.75
16.4788,642.84,763.07
16.4888,719.29,699.93
16.4988,791.45,637.23
16.5088,841.06,581.02
16.5188,883.19,505.67
16.5288,914.32,431.53
16.5388,942.59,351.67
16.5488,966.13,272.25
16.5588,991.98,190.19
16.5688,1006.61,125.51
16.5788,1027.73,84.26
16.5888,1040.16,56.87
16.5988,1050.94,40.48
16.6088,1053.69,23.76
16.6188,1063.37,17.6
16.6288,1064.8,10.01
16.6388,1066.34,8.03
16.6488,1065.24,6.05
16.6588,1068.54,3.96
16.6688,1064.8,3.96
16.6788,1063.37,0.0
16.6888,1066.23,0.0
16.6988,1066.78,0.0
16.7088,1063.26,0.0
16.7188,1066.01,0.0
16.7288,1065.02,0.0
16.7388,1064.47,0.0
16.7488,1061.39,0.0
16.7588,1062.71,0.0
16.7688,1060.18,0.0
16.7788,1061.28,0.0
16.7888,1060.62,0.0
16.7988,1057.43,0.0
16.8088,1058.75,0.0
16.8188,1059.85,0.0
16.8288,1058.42,0.0
16.8388,1059.85,0.0
16.8488,1063.37,0.0
16.8588,1059.85,0.0
16.8688,1063.59,0.0
16.8788,1055.12,0.0
16.8888,1049.95,0.0
16.8988,1040.6,0.0
16.9088,1031.03,0.0
16.9188,1015.85,0.0
16.9288,1001.44,0.0
16.9388,983.07,0.0
16.9488,964.37,0.0
16.9588,938.74,0.0
16.9688,911.24,6.82
16.9788,891.22,18.26
16.9888,855.69,46.86
16.9988,819.83,125.18
17.0088,788.37,247.06
17.0188,749.43,374.88
17.0288,699.27,510.18
17.0388,640.09,609.29
17.0488,570.02,677.82
17.0588,487.3,741.18
17.0688,398.53,795.74
17.0788,299.75,855.91
17.0888,206.69,916.41
17.0988,126.61,975.48
17.1088,70.84,1025.75
17.1188,48.62,1070.96
17.1288,30.69,1106.38
17.1388,10.89,1130.25
17.1488,10.89,1158.19
17.1588,4.51,1167.98
17.1688,0.0,1169.08
17.1788,0.0,1160.28
17.1888,0.0,1151.81
17.1988,0.0,1135.75
17.2088,0.0,1119.14
17.2188,0.0,1105.17
17.2288,0.0,1086.47
17.2388,0.0,1077.23
17.2488,0.0,1063.59
17.2588,0.0,1059.19
17.2688,0.0,1052.04
17.2788,0.0,1045.77
17.2888,0.0,1043.57
17.2988,0.0,1044.12
17.3088,0.0,1048.85
17.3188,0.0,1047.09
17.3288,0.0,1055.01
17.3388,0.0,1062.27
17.3488,0.0,1067.11
17.3588,0.0,1074.48
17.3688,0.0,1087.02
17.3788,0.0,1097.25
17.3888,0.0,1117.05
17.3988,0.0,1127.39
17.4088,0.0,1137.73
17.4188,0.0,1150.49
17.4288,0.0,1153.9
17.4388,0.0,1155.44
17.4488,0.0,1154.34
17.4588,0.0,1146.75
17.4688,0.0,1131.9
17.4788,0.0,1117.27
17.4888,8.25,1101.1
17.4988,16.5,1085.04
17.5088,36.19,1062.27
17.5188,70.18,1035.1
17.5288,132.11,1016.62
17.5388,219.01,983.84
17.5488,294.8,949.08
17.5588,355.3,905.3
17.5688,443.74,862.07
17.5788,509.96,813.12
17.5888,572.55,771.32
17.5988,618.09,717.64
17.6088,661.54,677.38
17.6188,693.88,625.13
17.6288,721.6,567.05
17.6388,740.41,496.1
17.6488,759.55,428.78
17.6588,780.23,349.47
17.6688,792.44,267.3
17.6788,815.43,196.9
17.6888,843.48,141.46
17.6988,879.89,96.69
17.7088,914.54,65.78
17.7188,949.3,41.14
17.7288,981.97,23.32
17.7388,1003.97,18.48
17.7488,1026.19,11.55
17.7588,1046.54,9.46
17.7688,1062.49,3.96
17.7788,1072.28,0.0
17.7888,1075.14,0.0
17.7988,1078.0,0.0
17.8088,1076.9,0.0
17.8188,1071.29,0.0
17.8288,1066.01,0.0
17.8388,1063.48,0.0
17.8488,1062.82,0.0
17.8587,1058.42,0.0
17.8687,1058.31,0.0
17.8787,1059.85,0.0
17.8887,1055.34,0.0
17.8987,1052.7,0.0
17.9087,1049.73,0.0
17.9187,1044.78,0.0
17.9287,1039.5,0.0
17.9387,1032.35,0.0
17.9487,1027.18,0.0
17.9587,1020.8,0.0
17.9687,1016.51,0.0
17.9787,1007.93,0.0
17.9887,996.93,0.0
17.9987,987.03,0.0
18.0087,971.19,0.0
18.0187,962.83,0.0
18.0287,950.73,0.0
18.0387,936.76,4.51
18.0487,922.35,9.13
18.0587,898.81,11.44
18.0687,881.32,22.44
18.0787,869.44,44.55
18.0887,836.11,118.14
18.0987,810.37,235.84
18.1087,778.25,354.2
18.1187,737.22,475.31
18.1287,693.66,576.95
18.1387,638.33,654.39
18.1487,566.5,717.75
18.1587,489.17,769.45
18.1687,406.78,822.8
18.1787,310.64,875.05
18.1887,216.7,916.08
18.1987,140.36,954.03
18.2087,82.06,986.92
18.2187,50.71,1014.75
18.2287,26.18,1045.33
18.2387,17.49,1063.48
18.2487,15.18,1072.39
18.2587,6.71,1072.06
18.2687,4.51,1079.87
18.2787,4.51,1075.03
18.2887,0.0,1067.88
18.2987,0.0,1065.24
18.3087,0.0,1057.87
18.3187,0.0,1055.23
18.3287,0.0,1045.77
18.3387,0.0,1036.09
18.3487,0.0,1039.06
18.3587,0.0,1032.35
18.3687,0.0,1030.48
18.3787,0.0,1031.36
18.3887,0.0,1031.8
18.3987,0.0,1037.41
18.4087,0.0,1035.98
18.4187,0.0,1039.94
18.4287,0.0,1045.77
18.4387,0.0,1054.24
18.4487,0.0,1068.54
18.4587,0.0,1074.92
18.4687,0.0,1089.0
18.4787,0.0,1098.13
18.4887,0.0,1113.53
18.4987,0.0,1117.38
18.5087,0.0,1109.24
18.5187,0.0,1104.18
18.5287,6.16,1094.06
18.5387,14.41,1077.67
18.5487,22.77,1066.12
18.5587,44.44,1048.08
18.5687,84.7,1025.42
18.5787,153.01,1002.98
18.5887,248.05,965.91
18.5987,344.3,920.7
18.6087,450.23,862.73
18.6187,587.4,813.01
18.6287,680.02,757.02
18.6387,752.29,703.12
18.6487,804.54,651.31
18.6587,845.57,583.0
18.6687,872.96,514.03
18.6787,887.48,433.29
18.6887,897.38,345.4
18.6987,907.17,253.66
18.7087,915.2,165.88
18.7187,933.79,112.42
18.7287,949.63,74.69
18.7387,967.89,54.67
18.7487,984.83,37.73
18.7587,995.28,28.71
18.7687,1003.75,14.96
18.7787,1010.02,8.03
18.7887,1017.83,6.05
18.7987,1025.86,3.96
18.8087,1033.78,0.0
18.8187,1039.17,0.0
18.8287,1044.78,0.0
18.8387,1050.28,0.0
18.8487,1046.87,0.0
18.8587,1045.99,0.0
18.8687,1051.6,0.0
18.8787,1050.72,0.0
18.8887,1054.24,0.0
18.8987,1057.65,0.0
18.9087,1056.77,0.0
18.9187,1055.78,0.0
18.9287,1054.68,0.0
18.9387,1053.8,0.0
18.9487,1057.65,0.0
18.9587,1054.24,0.0
18.9687,1049.51,0.0
18.9787,1051.49,0.0
18.9887,1051.27,0.0
18.9987,1048.96,0.0
19.0087,1041.81,0.0
19.0187,1033.78,0.0
19.0287,1015.85,6.82
19.0387,1000.78,9.13
19.0487,974.38,15.95
19.0587,945.67,18.26
19.0687,918.28,27.06
19.0787,888.47,44.77
19.0887,848.87,96.47
19.0987,816.97,195.58
19.1087,778.58,315.7
19.1187,737.55,429.0
19.1287,691.57,541.64
19.1387,627.22,627.77
19.1487,553.19,707.3
19.1587,471.02,773.96
19.1687,385.11,829.07
19.1787,278.08,890.12
19.1887,184.8,940.94
19.1987,113.52,991.76
19.2087,68.75,1034.0
19.2187,48.51,1072.28
19.2287,26.4,1098.13
19.2387,17.49,1116.39
19.2487,11.0,1125.52
19.2587,4.51,1133.11
19.2687,4.51,1128.82
19.2787,0.0,1122.11
19.2886,0.0,1108.03
19.2986,0.0,1096.48
19.3086,0.0,1092.41
19.3186,0.0,1078.22
19.3286,0.0,1073.82
19.3386,0.0,1069.09
19.3486,0.0,1059.41
19.3586,0.0,1055.23
19.3686,0.0,1050.94
19.3786,0.0,1049.18
19.3886,0.0,1050.72
19.3986,0.0,1051.71
19.4086,0.0,1050.28
19.4186,0.0,1061.94
19.4286,0.0,1065.57
19.4386,0.0,1073.82
19.4486,0.0,1087.24
19.4586,0.0,1100.33
19.4686,13.53,1108.58
19.4786,11.22,1117.16
19.4886,4.51,1121.23
19.4986,0.0,1118.15
19.5086,0.0,1115.18
19.5186,12.32,1108.03
19.5286,24.2,1096.37
19.5386,36.19,1080.53
19.5486,60.06,1062.16
19.5586,93.94,1034.44
19.5686,153.78,1001.66
19.5786,250.14,964.7
19.5886,355.19,923.34
19.5986,512.6,870.98
19.6086,602.36,824.23
19.6186,675.95,765.49
19.6286,746.79,716.54
19.6386,787.05,654.5
19.6486,826.54,585.86
19.6586,857.12,514.58
19.6686,885.28,426.03
19.6786,913.44,345.95
19.6886,934.89,242.55
19.6986,956.45,165.22
19.7086,975.59,110.88
19.7186,986.48,75.46
19.7286,997.59,52.58
19.7386,1002.43,33.55
19.7486,1011.78,22.55
19.7586,1017.39,15.51
19.7686,1025.31,13.53
19.7786,1028.61,6.05
19.7886,1037.08,3.96
19.7986,1040.6,0.0
19.8086,1048.74,0.0
19.8186,1050.06,0.0
19.8286,1050.94,0.0
19.8386,1045.88,0.0
19.8486,1040.38,0.0
19.8586,1035.32,0.0
19.8686,1023.44,0.0
19.8786,1009.36,0.0
19.8886,1002.54,0.0
19.8986,991.54,0.0
19.9086,984.94,0.0
19.9186,984.72,0.0
19.9286,980.87,0.0
19.9386,971.19,0.0
19.9486,965.69,0.0
19.9586,962.5,0.0
19.9686,962.17,0.0
19.9786,953.37,0.0
19.9886,949.74,0.0
19.9986,938.96,0.0
20.0086,926.31,0.0
20.0186,913.44,4.51
20.0286,896.28,9.13
20.0386,875.93,13.64
20.0486,851.18,15.95
20.0586,821.92,22.88
20.0686,794.42,49.28
20.0786,766.92,121.11
20.0886,738.76,241.23
20.0986,703.34,360.58
20.1086,655.16,478.5
20.1186,605.66,584.21
20.1286,539.99,673.31
20.1386,463.54,773.96
20.1486,375.76,858.99
20.1586,273.79,915.31
20.1686,169.29,979.55
20.1786,106.7,1032.35
20.1886,62.04,1079.32
20.1986,44.11,1112.54
20.2086,24.2,1132.12
20.2186,15.18,1145.87
20.2286,6.71,1156.21
20.2386,4.51,1154.12
20.2486,0.0,1150.93
20.2586,0.0,1139.38
20.2686,0.0,1123.54
20.2786,0.0,1107.15
20.2886,0.0,1088.78
20.2986,0.0,1075.14
20.3086,0.0,1066.23
20.3186,0.0,1059.3
20.3286,0.0,1050.28
20.3386,0.0,1050.5
20.3486,0.0,1055.01
20.3586,0.0,1050.39
20.3686,0.0,1057.32
20.3786,0.0,1062.6
20.3886,0.0,1065.79
20.3986,0.0,1068.98
20.4086,0.0,1082.18
20.4186,0.0,1085.81
20.4286,0.0,1096.92
20.4386,0.0,1105.28
20.4486,0.0,1113.53
20.4586,0.0,1126.18
20.4686,0.0,1132.45
20.4786,0.0,1141.03
20.4886,0.0,1142.79
20.4986,0.0,1142.13
20.5086,0.0,1127.5
20.5186,0.0,1118.37
20.5286,6.16,1099.89
20.5386,14.41,1076.9
20.5486,32.23,1055.78
20.5586,72.05,1020.25
20.5686,160.49,982.74
20.5786,283.69,940.72
20.5886,395.78,902.99
20.5986,492.8,852.83
20.6086,592.24,801.9
20.6186,662.31,751.96
20.6286,715.55,699.93
20.6386,755.59,649.99
20.6486,793.1,583.88
20.6586,819.06,513.26
20.6686,840.51,438.68
20.6786,861.96,350.79
20.6886,878.57,256.85
20.6986,899.8,185.24
20.7086,910.47,123.53
20.7185,932.25,85.58
20.7285,952.16,60.28
20.7385,970.53,44.99
20.7485,990.77,28.71
20.7585,1007.16,22.55
20.7685,1021.13,13.53
20.7785,1044.01,6.05
20.7885,1056.0,3.96
20.7985,1066.34,3.96
20.8085,1078.44,0.0
20.8185,1077.23,0.0
20.8285,1078.44,0.0
20.8385,1081.63,0.0
20.8485,1076.24,0.0
20.8585,1070.85,0.0
20.8685,1070.3,0.0
20.8785,1060.73,0.0
20.8885,1057.54,0.0
20.8985,1054.35,0.0
20.9085,1047.31,0.0
20.9185,1039.72,0.0
20.9285,1032.68,0.0
20.9385,1024.21,0.0
20.9485,1017.17,0.0
20.9585,1014.97,16.39
20.9685,1009.91,23.32
20.9785,1001.99,11.55
20.9885,1000.89,3.96
20.9985,993.19,3.96
21.0085,979.88,15.4
21.0185,970.09,26.62
21.0285,954.03,28.93
21.0385,941.93,31.35
21.0485,924.88,29.26
21.0585,897.05,33.88
21.0685,872.63,42.79
21.0785,843.48,70.95
21.0885,816.42,123.53
21.0985,786.39,204.27
21.1085,752.07,291.61
21.1185,710.6,397.54
21.1285,661.54,529.54
21.1385,594.55,628.21
21.1485,526.02,716.32
21.1585,444.73,783.75
21.1685,343.75,841.17
21.1785,248.6,895.73
21.1885,157.96,942.81
21.1985,88.88,989.45
21.2085,55.33,1028.5
21.2185,35.09,1058.64
21.2285,17.49,1077.34
21.2385,15.18,1098.24
21.2485,6.71,1100.55
21.2585,4.51,1103.52
21.2685,0.0,1094.5
21.2785,0.0,1081.3
21.2885,0.0,1070.96
21.2985,0.0,1062.05
21.3085,0.0,1053.91
21.3185,0.0,1047.31
21.3285,0.0,1047.42
21.3385,0.0,1040.38
21.3485,0.0,1041.26
21.3585,0.0,1039.06
21.3685,0.0,1037.63
21.3785,0.0,1041.37
21.3885,0.0,1047.09
21.3985,0.0,1052.7
21.4085,0.0,1058.86
21.4185,0.0,1070.3
21.4285,0.0,1076.9
21.4385,0.0,1085.48
21.4485,0.0,1103.63
21.4585,15.73,1114.41
21.4685,6.71,1122.55
21.4785,0.0,1126.95
21.4885,0.0,1130.8
21.4985,0.0,1123.32
21.5085,0.0,1115.84
21.5185,12.32,1106.38
21.5285,24.42,1093.07
21.5385,42.24,1075.25
21.5485,78.21,1047.64
21.5585,137.83,1027.07
21.5685,228.36,991.65
21.5785,328.79,948.31
21.5885,465.74,897.93
21.5985,569.91,843.81
21.6085,645.04,797.94
21.6185,711.48,737.22
21.6285,755.92,682.77
21.6385,789.25,628.32
21.6485,817.52,552.64
21.6585,841.61,487.85
21.6685,861.08,394.24
21.6785,880.33,303.16
21.6885,899.36,203.61
21.6985,914.32,133.1
21.7085,929.17,85.03
21.7185,949.08,49.28
21.7285,965.14,25.41
21.7385,983.84,13.53
21.7485,1002.43,11.55
21.7585,1016.29,9.46
21.7685,1024.21,0.0
21.7785,1036.09,0.0
21.7885,1039.28,0.0
21.7985,1040.16,0.0
21.8085,1040.49,0.0
21.8185,1036.75,0.0
21.8285,1035.1,0.0
21.8385,1029.16,0.0
21.8485,1021.46,0.0
21.8585,1015.96,0.0
21.8685,1010.46,0.0
21.8785,1007.05,0.0
21.8885,1004.63,0.0
21.8985,1004.08,0.0
21.9085,1001.77,0.0
21.9185,995.17,0.0
21.9285,994.95,0.0
21.9385,988.13,0.0
21.9485,991.98,25.41
21.9585,991.43,27.94
21.9685,985.71,11.55
21.9785,975.48,3.96
21.9885,963.71,0.0
21.9985,950.95,0.0
22.0085,930.27,4.51
22.0185,918.72,9.13
22.0285,897.27,13.64
22.0385,875.71,15.95
22.0485,846.78,31.35
22.0585,819.83,61.82
22.0685,790.46,143.11
22.0785,764.5,268.62
22.0885,732.38,390.5
22.0985,691.13,521.73
22.1085,640.09,613.91
22.1185,572.66,689.04
22.1285,501.38,766.92
22.1385,423.83,830.06
22.1484,322.74,895.73
22.1584,218.46,941.49
22.1684,133.65,992.09
22.1784,82.17,1029.38
22.1884,50.82,1067.33
22.1984,37.29,1088.12
22.2084,13.31,1106.82
22.2184,11.0,1116.61
22.2284,6.71,1118.92
22.2384,4.51,1119.58
22.2484,0.0,1105.61
22.2584,0.0,1098.9
22.2684,0.0,1086.91
22.2784,0.0,1080.2
22.2884,0.0,1071.18
22.2984,0.0,1061.83
22.3084,0.0,1052.04
22.3184,0.0,1051.71
22.3284,0.0,1045.11
22.3384,0.0,1040.71
22.3484,0.0,1039.39
22.3584,0.0,1042.8
22.3684,0.0,1046.21
22.3784,0.0,1047.2
22.3884,0.0,1055.45
22.3984,0.0,1061.39
22.4084,0.0,1074.92
22.4184,0.0,1082.95
22.4284,0.0,1091.09
22.4384,0.0,1104.18
22.4484,0.0,1117.16
22.4584,0.0,1123.1
22.4684,0.0,1126.95
22.4784,0.0,1126.07
22.4884,0.0,1125.41
22.4984,0.0,1120.79
22.5084,0.0,1109.68
22.5184,8.25,1093.51
22.5284,16.5,1075.25
22.5384,32.45,1052.26
22.5484,54.34,1029.49
22.5584,115.06,989.34
22.5684,216.48,948.86
22.5784,330.77,911.57
22.5884,440.33,861.52
22.5984,560.01,818.07
22.6084,638.22,766.15
22.6184,699.82,712.03
22.6284,743.71,661.87
22.6384,774.29,593.45
22.6484,796.4,524.37
22.6584,817.96,445.94
22.6684,830.39,360.8
22.6784,844.8,276.43
22.6884,859.1,195.91
22.6984,878.13,130.24
22.7084,897.27,87.12
22.7184,918.94,60.94
22.7284,945.56,43.67
22.7384,966.13,25.41
22.7484,984.83,15.51
22.7584,1001.44,13.53
22.7684,1015.52,11.55
22.7784,1029.38,9.46
22.7884,1039.28,3.96
22.7984,1053.14,0.0
22.8084,1060.4,0.0
22.8184,1063.92,0.0
22.8284,1067.33,0.0
22.8384,1068.43,0.0
22.8484,1070.08,0.0
22.8584,1067.22,0.0
22.8684,1061.61,0.0
22.8784,1065.35,0.0
22.8884,1057.76,0.0
22.8984,1050.06,0.0
22.9084,1051.27,0.0
22.9184,1048.19,0.0
22.9284,1038.29,0.0
22.9384,1037.3,0.0
22.9484,1036.42,0.0
22.9584,1031.03,0.0
22.9684,1033.12,22.11
22.9784,1028.72,21.89
22.9884,1026.3,5.5
22.9984,1023.11,0.0
23.0084,1013.43,0.0
23.0184,1001.66,0.0
23.0284,986.59,10.78
23.0384,972.4,15.4
23.0484,956.12,15.62
23.0584,942.04,22.22
23.0684,920.81,28.93
23.0784,896.94,45.98
23.0884,874.72,78.21
23.0984,840.95,141.13
23.1084,817.96,244.31
23.1184,781.55,399.08
23.1284,736.34,488.95
23.1384,685.52,578.05
23.1484,623.37,645.26
23.1584,548.68,701.69
23.1684,473.0,751.74
23.1784,386.43,801.02
23.1884,292.6,850.41
23.1984,198.0,894.85
23.2084,126.61,934.12
23.2184,71.06,969.1
23.2284,46.31,999.35
23.2384,28.49,1022.56
23.2484,17.49,1038.4
23.2584,10.89,1052.26
23.2684,4.51,1054.46
23.2784,4.51,1054.46
23.2884,0.0,1052.26
23.2984,0.0,1043.68
23.3084,0.0,1036.86
23.3184,0.0,1022.89
23.3284,0.0,1020.69
23.3384,0.0,1011.23
23.3484,0.0,1012.0
23.3584,0.0,1010.13
23.3684,0.0,1003.86
23.3784,0.0,1001.33
23.3884,0.0,1011.56
23.3984,0.0,1017.06
23.4084,0.0,1022.56
23.4184,0.0,1033.67
23.4284,0.0,1039.06
23.4384,0.0,1047.31
23.4484,0.0,1056.33
23.4584,0.0,1062.6
23.4684,0.0,1061.94
23.4784,0.0,1071.84
23.4884,0.0,1071.4
23.4984,0.0,1073.82
23.5084,8.25,1068.54
23.5184,14.41,1051.38
23.5284,30.36,1034.99
23.5384,52.36,1014.09
23.5484,109.12,997.81
23.5584,206.69,965.58
23.5684,309.87,933.24
23.5783,399.52,886.82
23.5883,506.88,828.52
23.5983,618.53,784.85
23.6083,727.43,727.65
23.6183,805.75,674.63
23.6283,858.55,621.17
23.6383,900.13,563.09
23.6483,924.55,492.14
23.6583,944.24,414.15
23.6683,951.06,315.81
23.6783,957.22,231.55
23.6883,966.13,148.28
23.6983,975.59,96.69
23.7083,978.23,67.32
23.7183,990.33,50.05
23.7283,996.49,33.55
23.7383,1008.59,17.6
23.7483,1025.31,10.01
23.7583,1031.25,8.03
23.7683,1045.66,6.05
23.7783,1051.27,3.96
23.7883,1060.95,0.0
23.7983,1063.92,0.0
23.8083,1067.55,0.0
23.8183,1068.76,0.0
23.8283,1069.53,0.0
23.8383,1066.01,0.0
23.8483,1064.91,0.0
23.8583,1061.72,0.0
23.8683,1056.0,0.0
23.8783,1054.9,0.0
23.8883,1051.82,0.0
23.8983,1044.23,0.0
23.9083,1045.99,0.0
23.9183,1040.49,0.0
23.9283,1042.47,0.0
23.9383,1037.96,0.0
23.9483,1033.12,0.0
23.9583,1029.82,0.0
23.9683,1030.92,0.0
23.9783,1023.33,0.0
23.9883,1015.96,0.0
23.9983,1003.97,0.0
24.0083,993.63,4.51
24.0183,979.77,9.13
24.0283,960.41,11.44
24.0383,941.49,11.44
24.0483,922.24,11.44
24.0583,895.95,13.64
24.0683,875.38,18.26
24.0783,848.32,40.59
24.0883,825.22,93.06
24.0983,799.7,192.28
24.1083,765.6,291.06
24.1183,726.55,384.89
24.1283,679.91,474.43
24.1383,624.14,554.07
24.1483,562.65,644.93
24.1583,498.74,721.38
24.1683,411.4,775.39
24.1783,320.54,828.08
24.1883,219.23,884.51
24.1983,140.36,936.65
24.2083,84.37,980.54
24.2183,55.33,1012.66
24.2283,37.4,1043.24
24.2383,17.49,1066.34
24.2483,15.18,1077.45
24.2583,6.71,1084.93
24.2683,4.51,1083.72
24.2783,4.51,1082.73
24.2883,0.0,1074.26
24.2983,0.0,1062.93
24.3083,0.0,1054.13
24.3183,0.0,1042.25
24.3283,0.0,1030.92
24.3383,0.0,1026.19
24.3483,0.0,1017.39
24.3583,0.0,1014.97
24.3683,0.0,1016.18
24.3783,0.0,1017.06
24.3883,0.0,1022.67
24.3983,0.0,1033.12
24.4083,0.0,1043.9
24.4183,0.0,1052.04
24.4283,0.0,1058.42
24.4383,0.0,1071.84
24.4483,0.0,1083.17
24.4583,0.0,1094.94
24.4683,0.0,1096.7
24.4783,0.0,1103.41
24.4883,0.0,1111.99
24.4983,0.0,1104.07
24.5083,0.0,1100.66
24.5183,0.0,1093.29
24.5283,12.32,1083.61
24.5383,24.42,1071.51
24.5483,40.37,1055.12
24.5583,76.23,1039.28
24.5683,142.23,1016.18
24.5783,238.15,990.99
24.5883,319.99,956.56
24.5983,410.3,899.47
24.6083,494.45,850.85
24.6183,578.71,793.21
24.6283,668.47,737.33
24.6383,736.23,680.57
24.6483,786.72,629.53
24.6583,823.35,575.74
24.6683,853.27,504.13
24.6783,876.92,423.06
24.6883,891.55,340.67
24.6983,902.0,246.84
24.7083,919.27,163.35
24.7183,928.18,115.28
24.7283,939.62,80.19
24.7383,962.39,57.42
24.7483,976.58,42.46
24.7583,988.68,21.78
24.7683,1007.38,15.51
24.7783,1017.17,8.03
24.7883,1033.89,6.05
24.7983,1043.79,3.96
24.8083,1051.71,0.0
24.8183,1059.63,0.0
24.8283,1067.66,0.0
24.8383,1073.6,0.0
24.8483,1072.94,0.0
24.8583,1071.84,0.0
24.8683,1073.27,0.0
24.8783,1068.1,0.0
24.8883,1060.84,0.0
24.8983,1057.76,0.0
24.9083,1054.46,0.0
24.9183,1049.4,0.0
24.9283,1041.92,0.0
24.9383,1037.19,0.0
24.9483,1036.75,0.0
24.9583,1034.44,0.0
24.9683,1031.8,0.0
24.9783,1028.17,0.0
24.9883,1024.65,0.0
24.9983,1019.26,0.0
25.0082,1009.47,0.0
25.0182,1002.54,0.0
25.0282,989.67,0.0
25.0382,981.75,0.0
25.0482,965.03,0.0
25.0582,952.27,0.0
25.0682,935.11,0.0
25.0782,917.51,0.0
25.0882,901.45,4.51
25.0982,879.23,11.44
25.1082,849.09,31.57
25.1182,828.08,98.89
25.1282,792.44,206.69
25.1382,757.57,317.57
25.1482,711.7,420.86
25.1582,656.81,518.87
25.1682,590.59,623.48
25.1782,521.84,702.35
25.1882,437.25,752.18
25.1982,350.79,799.37
25.2082,252.56,851.29
25.2182,172.92,903.21
25.2282,99.99,950.73
25.2382,66.33,995.17
25.2482,46.31,1032.02
25.2582,30.8,1057.32
25.2682,17.49,1082.73
25.2782,15.18,1089.77
25.2882,4.51,1094.61
25.2982,4.51,1090.98
25.3082,0.0,1079.87
25.3182,0.0,1068.76
25.3282,0.0,1060.07
25.3382,0.0,1051.6
25.3482,0.0,1032.57
25.3582,0.0,1025.42
25.3682,0.0,1014.2
25.3782,0.0,1010.02
25.3882,0.0,1012.44
25.3982,0.0,1013.21
25.4082,0.0,1013.54
25.4182,0.0,1016.29
25.4282,0.0,1023.99
25.4382,0.0,1031.8
25.4482,0.0,1034.88
25.4582,0.0,1046.1
25.4682,0.0,1056.66
25.4782,0.0,1073.49
25.4882,0.0,1081.85
25.4982,0.0,1093.73
25.5082,0.0,1095.71
25.5182,0.0,1095.82
25.5282,0.0,1090.54
25.5382,0.0,1089.77
25.5482,10.34,1074.7
25.5582,26.29,1055.23
25.5682,44.33,1045.22
25.5782,86.13,1021.9
25.5882,172.59,994.07
25.5982,275.66,966.57
25.6082,379.94,929.61
25.6182,504.46,873.84
25.6282,624.8,809.05
25.6382,712.25,745.58
25.6482,792.44,676.72
25.6582,847.11,612.15
25.6682,901.34,551.65
25.6782,925.65,490.82
25.6882,949.96,421.3
25.6982,965.47,346.06
25.7082,978.34,260.26
25.7182,985.38,185.13
25.7282,990.0,117.48
25.7382,996.93,85.69
25.7482,999.68,63.25
25.7582,1002.87,45.21
25.7682,1012.77,23.76
25.7782,1014.2,15.51
25.7882,1017.83,8.03
25.7982,1018.93,6.05
25.8082,1022.23,3.96
25.8182,1025.97,3.96
25.8282,1024.65,0.0
25.8382,1030.15,0.0
25.8482,1033.23,0.0
25.8582,1038.51,0.0
25.8682,1039.17,0.0
25.8782,1044.67,0.0
25.8882,1045.44,0.0
25.8982,1050.61,0.0
25.9082,1051.27,0.0
25.9182,1051.82,0.0
25.9282,1055.12,0.0
25.9382,1056.22,0.0
25.9482,1058.97,0.0
25.9582,1062.27,0.0
25.9682,1060.84,0.0
25.9782,1065.57,0.0
25.9882,1068.87,0.0
25.9982,1069.64,0.0
26.0082,1068.76,0.0
26.0182,1070.19,0.0
26.0282,1068.87,0.0
26.0382,1067.66,0.0
26.0482,1062.05,0.0
26.0582,1054.24,0.0
26.0682,1042.58,0.0
26.0782,1023.0,0.0
26.0882,1012.77,0.0
26.0982,989.67,0.0
26.1082,972.51,0.0
26.1182,947.21,6.82
26.1282,919.27,15.95
26.1382,892.87,38.06
26.1482,859.76,102.63
26.1582,825.99,197.56
26.1682,789.8,304.48
26.1782,753.06,398.2
26.1882,705.54,488.84
26.1982,656.7,570.9
26.2082,599.28,644.05
26.2182,528.44,691.35
26.2282,457.27,741.95
26.2382,377.74,787.05
26.2482,288.75,835.23
26.2582,202.51,877.8
26.2682,135.52,915.42
26.2782,86.13,950.4
26.2882,57.42,979.44
26.2982,44.11,1011.34
26.3082,23.98,1036.2
26.3182,17.49,1056.33
26.3282,15.18,1067.77
26.3382,8.69,1072.17
26.3482,4.51,1069.86
26.3582,0.0,1061.17
26.3682,0.0,1052.15
26.3782,0.0,1040.49
26.3882,0.0,1034.0
26.3982,0.0,1022.01
26.4082,0.0,1019.7
26.4182,0.0,1014.97
26.4282,0.0,1008.37
26.4381,0.0,1004.19
26.4481,0.0,1010.35
26.4581,0.0,1015.3
26.4681,0.0,1020.69
26.4781,0.0,1026.63
26.4881,0.0,1029.6
26.4981,0.0,1042.25
26.5081,0.0,1055.01
26.5181,0.0,1068.1
26.5281,0.0,1068.54
26.5381,0.0,1076.9
26.5481,0.0,1083.17
26.5581,0.0,1093.4
26.5681,0.0,1098.24
26.5781,0.0,1107.7
26.5881,0.0,1112.87
26.5981,0.0,1102.75
26.6081,18.15,1094.61
26.6181,40.04,1077.67
26.6281,68.2,1063.26
26.6381,120.89,1041.81
26.6481,232.21,1016.73
26.6581,344.96,976.91
26.6681,462.33,931.48
26.6781,571.01,866.47
26.6881,652.19,803.77
26.6981,724.79,733.48
26.7081,771.43,667.37
26.7181,817.74,609.73
26.7281,857.67,553.96
26.7381,886.38,497.09
26.7481,910.58,421.52
26.7581,930.16,352.77
26.7681,947.54,269.94
26.7781,956.01,197.56
26.7881,964.92,131.01
26.7981,974.27,85.69
26.8081,981.31,58.41
26.8181,992.64,22.44
26.8281,1008.92,13.53
26.8381,1016.73,6.05
26.8481,1026.74,3.96
26.8581,1034.33,0.0
26.8681,1039.5,0.0
26.8781,1040.71,0.0
26.8881,1043.79,0.0
26.8981,1044.12,0.0
26.9081,1047.2,0.0
26.9181,1045.66,0.0
26.9281,1044.56,0.0
26.9381,1043.02,0.0
26.9481,1039.39,0.0
26.9581,1038.62,0.0
26.9681,1041.37,0.0
26.9781,1042.47,0.0
26.9881,1038.73,0.0
26.9981,1040.05,0.0
27.0081,1041.37,0.0
27.0181,1038.29,0.0
27.0281,1044.45,0.0
27.0381,1037.08,0.0
27.0481,1038.62,23.21
27.0581,1037.96,32.67
27.0681,1037.19,21.34
27.0781,1029.27,13.53
27.0881,1023.99,6.05
27.0981,1016.18,3.96
27.1081,1008.81,0.0
27.1181,995.28,6.82
27.1281,976.58,6.82
27.1381,961.73,9.13
27.1481,939.73,11.44
27.1581,919.93,18.26
27.1681,889.02,31.35
27.1781,852.28,68.09
27.1881,812.24,140.25
27.1981,786.94,244.31
27.2081,750.31,363.33
27.2181,711.48,504.79
27.2281,660.66,596.64
27.2381,603.13,671.99
27.2481,537.46,736.67
27.2581,461.78,795.63
27.2681,378.84,843.81
27.2781,287.21,887.37
27.2881,196.35,930.82
27.2981,122.32,968.0
27.3081,77.55,1005.95
27.3181,50.71,1040.93
27.3281,37.4,1067.0
27.3381,17.49,1088.01
27.3481,15.18,1106.71
27.3581,6.71,1111.88
27.3681,4.51,1116.61
27.3781,4.51,1112.32
27.3881,0.0,1112.21
27.3981,0.0,1108.03
27.4081,0.0,1103.52
27.4181,0.0,1093.84
27.4281,0.0,1087.02
27.4381,0.0,1080.31
27.4481,0.0,1075.69
27.4581,0.0,1073.05
27.4681,0.0,1066.34
27.4781,0.0,1066.45
27.4881,0.0,1062.93
27.4981,0.0,1062.93
27.5081,0.0,1066.01
27.5181,0.0,1069.09
27.5281,0.0,1071.95
27.5381,0.0,1078.0
27.5481,0.0,1083.83
27.5581,0.0,1085.15
27.5681,0.0,1095.93
27.5781,0.0,1106.05
27.5881,4.51,1114.41
27.5981,0.0,1117.71
27.6081,0.0,1114.08
27.6181,0.0,1119.91
27.6281,0.0,1118.59
27.6381,0.0,1115.29
27.6481,0.0,1109.79
27.6581,0.0,1097.03
27.6681,8.25,1079.98
27.6781,23.76,1065.79
27.6881,43.56,1044.67
27.6981,89.76,1023.99
27.7081,187.99,1000.56
27.7181,348.59,965.58
27.7281,516.01,925.87
27.7381,589.16,873.95
27.7481,649.11,818.18
27.7581,692.89,757.24
27.7681,730.62,701.58
27.7781,768.02,649.88
27.7881,799.04,595.54
27.7981,820.71,540.98
27.8081,840.18,479.71
27.8181,853.05,408.54
27.8281,863.83,335.83
27.8381,879.34,258.39
27.8481,899.69,182.82
27.858,916.08,134.31
27.868,941.05,93.94
27.878,961.4,66.11
27.888,984.39,48.07
27.898,1013.1,20.46
27.908,1026.74,13.53
27.918,1046.43,3.96
27.928,1059.85,0.0
27.938,1071.18,0.0
27.948,1073.93,0.0
27.958,1076.35,0.0
27.968,1083.72,0.0
27.978,1084.27,0.0
27.988,1082.73,0.0
27.998,1077.01,0.0
28.008,1073.38,0.0
28.018,1065.79,0.0
28.028,1061.83,0.0
28.038,1055.89,0.0
28.048,1050.17,0.0
28.058,1048.63,0.0
28.068,1040.27,0.0
28.078,1038.95,0.0
28.088,1035.32,0.0
28.098,1034.11,0.0
28.108,1030.48,0.0
28.118,1033.01,0.0
28.128,1029.16,0.0
28.138,1032.79,0.0
28.148,1029.6,0.0
28.158,1028.5,0.0
28.168,1026.63,0.0
28.178,1021.46,0.0
28.188,1020.14,0.0
28.198,1009.91,0.0
28.208,996.38,0.0
28.218,985.49,0.0
28.228,974.6,0.0
28.238,957.66,0.0
28.248,944.57,0.0
28.258,931.48,4.51
28.268,914.21,11.44
28.278,888.03,22.88
28.288,871.64,57.42
28.298,847.44,124.74
28.308,817.96,218.9
28.318,788.59,319.0
28.328,753.83,404.47
28.338,715.33,490.38
28.348,671.55,549.89
28.358,612.15,608.08
28.368,553.19,654.06
28.378,484.77,697.07
28.388,406.78,746.68
28.398,328.13,782.21
28.408,246.07,825.66
28.418,168.74,866.36
28.428,106.48,906.07
28.438,72.82,951.17
28.448,48.29,983.29
28.458,32.67,1018.38
28.468,17.49,1040.82
28.478,10.89,1061.83
28.488,8.69,1084.93
28.498,8.69,1088.89
28.508,0.0,1093.73
28.518,0.0,1087.24
28.528,0.0,1078.0
28.538,0.0,1073.27
28.548,0.0,1058.97
28.558,0.0,1049.07
28.568,0.0,1034.99
28.578,0.0,1022.78
28.588,0.0,1016.4
28.598,0.0,1001.99
28.608,0.0,1002.87
28.618,0.0,998.36
28.628,0.0,999.02
28.638,0.0,1004.41
28.648,0.0,1009.58
28.658,0.0,1022.67
28.668,0.0,1030.04
28.678,0.0,1042.91
28.688,0.0,1048.3
28.698,0.0,1058.31
28.708,0.0,1071.51
28.718,0.0,1078.99
28.728,0.0,1077.89
28.738,0.0,1081.41
28.748,0.0,1084.16
28.758,0.0,1086.91
28.768,0.0,1079.32
28.778,0.0,1074.81
28.788,0.0,1067.0
28.798,0.0,1061.5
28.808,4.18,1044.23
28.818,16.28,1031.36
28.828,36.41,1014.75
28.838,89.76,995.5
28.848,175.56,967.67
28.858,342.87,940.72
28.868,581.35,898.81
28.878,706.42,845.57
28.888,759.99,779.13
28.898,776.82,699.05
28.908,798.05,639.76
28.918,827.64,586.41
28.928,861.19,528.44
28.938,891.88,466.73
28.948,916.3,396.88
28.958,934.23,331.98
28.968,945.45,255.53
28.978,959.09,192.83
28.988,977.13,138.82
28.998,990.66,101.64
29.008,1008.81,74.36
29.018,1022.01,56.32
29.028,1037.52,39.71
29.038,1050.61,18.26
29.048,1061.94,16.28
29.058,1064.03,10.01
29.068,1072.94,6.05
29.078,1077.34,6.05
29.088,1083.83,3.96
29.098,1079.54,3.96
29.108,1076.9,0.0
29.118,1079.1,0.0
29.128,1076.57,0.0
29.138,1074.26,3.96
29.148,1071.95,0.0
29.158,1069.64,0.0
29.168,1067.33,0.0
29.178,1063.15,0.0
29.188,1060.95,0.0
29.198,1061.28,0.0
29.208,1061.28,0.0
29.218,1058.86,0.0
29.228,1058.86,0.0
29.238,1054.46,0.0
29.248,1056.44,0.0
29.258,1058.31,0.0
29.268,1058.31,0.0
29.278,1062.49,0.0
29.2879,1064.36,0.0
29.2979,1066.34,0.0
29.3079,1068.54,0.0
29.3179,1072.72,0.0
29.3279,1072.39,0.0
29.3379,1072.06,0.0
29.3479,1067.77,0.0
29.3579,1059.41,0.0
29.3679,1053.36,0.0
29.3779,1044.89,0.0
29.3879,1043.02,0.0
29.3979,1045.55,0.0
29.4079,1041.26,17.38
29.4179,1043.79,68.97
29.4279,1039.72,173.58
29.4379,1024.76,255.53
29.4479,999.35,393.69
29.4579,952.6,491.59
29.4679,896.06,552.31
29.4779,832.81,600.82
29.4879,762.08,644.38
29.4979,692.67,686.62
29.5079,621.06,721.82
29.5179,557.48,755.04
29.5279,500.5,797.72
29.5379,440.33,823.35
29.5479,389.4,854.15
29.5579,344.63,886.82
29.5679,297.22,903.54
29.5779,258.28,926.97
29.5879,217.03,945.01
29.5979,178.97,959.42
29.6079,147.29,977.24
29.6179,115.06,993.85
29.6279,87.78,1007.16
29.6379,67.87,1019.26
29.6479,54.67,1032.57
29.6579,47.96,1034.99
29.6679,32.89,1043.68
29.6779,30.58,1048.85
29.6879,26.07,1048.52
29.6979,21.56,1048.63
29.7079,17.27,1049.18
29.7179,14.96,1044.56
29.7279,14.96,1045.0
29.7379,12.76,1049.4
29.7479,12.76,1056.22
29.7579,4.07,1058.97
29.7679,4.07,1065.57
29.7779,8.58,1068.76
29.7879,8.58,1078.0
29.7979,9.02,1080.64
29.8079,15.73,1080.64
29.8179,27.06,1081.41
29.8279,40.26,1081.52
29.8379,51.15,1079.54
29.8479,62.26,1080.2
29.8579,75.57,1079.54
29.8679,95.59,1077.56
29.8779,122.1,1071.95
29.8879,144.43,1057.54
29.8979,169.07,1051.05
29.9079,198.11,1028.06
29.9179,229.24,1014.31
29.9279,266.75,998.25
29.9379,314.6,972.73
29.9479,352.77,947.1
29.9579,393.36,924.11
29.9679,443.19,901.45
29.9779,505.78,876.48
29.9879,582.12,848.98
29.9979,661.65,826.32
30.0079,738.76,792.11
30.0179,791.78,750.75
30.0279,818.95,698.17
30.0379,846.34,639.1
30.0479,873.62,573.65
30.0579,901.01,512.6
30.0679,927.96,459.58
30.0779,949.41,411.07
30.0879,966.79,362.89
30.0979,981.75,331.1
30.1079,990.55,294.14
30.1179,1005.51,262.02
30.1279,1018.27,230.01
30.1379,1024.65,194.26
30.1479,1039.5,167.2
30.1579,1048.08,137.28
30.1679,1054.46,114.73
30.1779,1061.06,91.41
30.1879,1062.93,84.59
30.1979,1069.31,71.72
30.2079,1073.49,58.08
30.2179,1075.36,48.73
30.2279,1077.34,39.82
30.2379,1081.74,29.26
30.2479,1083.28,22.11
30.2579,1080.31,16.28
30.2679,1082.18,10.56
30.2779,1081.85,8.47
30.2879,1081.08,4.51
30.2979,1078.77,4.51
30.3079,1076.13,0.0
30.3179,1078.11,4.51
30.3279,1075.69,0.0
30.3379,1071.07,0.0
30.3479,1066.67,0.0
30.3579,1068.65,0.0
30.3679,1068.76,0.0
30.3779,1064.36,0.0
30.3879,1066.23,0.0
30.3979,1067.99,0.0
30.4079,1074.04,0.0
30.4179,1079.98,0.0
30.4279,1077.34,5.5
30.4379,1085.59,12.32
30.4479,1091.86,24.09
30.4579,1093.84,31.35
30.4679,1098.02,46.09
30.4779,1093.62,55.55
30.4879,1089.33,70.29
30.4979,1089.33,83.82
30.5079,1082.84,102.74
30.5179,1074.26,111.43
30.5279,1067.99,137.06
30.5379,1056.99,149.38
30.5479,1044.23,178.09
30.5579,1041.92,199.76
30.5679,1032.9,222.75
30.5779,1028.72,244.31
30.5879,1019.92,262.9
30.5979,1013.43,284.02
30.6079,998.25,309.98
30.6179,989.45,333.52
30.6279,976.58,362.78
30.6379,965.8,394.79
30.6479,957.22,410.74
30.6579,944.13,430.87
30.6679,931.37,439.12
30.6779,926.97,444.18
30.6879,918.5,448.47
30.6979,905.52,451.33
30.7079,899.03,455.4
30.7178,888.25,455.29
30.7278,877.36,463.98
30.7378,864.49,467.83
30.7478,849.42,483.56
30.7578,821.26,504.24
30.7678,806.19,528.99
30.7778,778.03,552.64
30.7878,760.87,576.4
30.7978,737.11,601.48
30.8078,711.37,632.28
30.8178,687.5,662.75
30.8278,663.96,685.52
30.8378,636.46,713.13
30.8478,599.83,741.62
30.8578,565.84,768.02
30.8678,521.18,792.33
30.8778,479.16,814.88
30.8878,436.7,842.93
30.8978,390.17,868.78
30.9078,341.22,899.58
30.9178,297.55,934.89
30.9278,257.51,968.22
30.9378,220.44,996.38
30.9478,183.04,1024.43
30.9578,150.04,1040.6
30.9678,127.38,1057.87
30.9778,102.19,1072.06
30.9878,85.58,1083.83
30.9978,66.55,1091.53
31.0078,47.41,1100.66
31.0178,32.67,1097.8
31.0278,20.13,1100.33
31.0378,18.26,1098.02
31.0478,14.08,1093.4
31.0578,9.9,1088.45
31.0678,6.16,1088.56
31.0778,6.16,1087.13
31.0878,6.16,1087.35
31.0978,6.16,1087.35
31.1078,6.16,1084.93
31.1178,6.16,1085.15
31.1278,4.07,1089.77
31.1378,6.16,1087.9
31.1478,4.07,1083.28
31.1578,4.07,1082.95
31.1678,6.16,1083.17
31.1778,6.16,1087.68
31.1878,6.16,1080.53
31.1978,10.67,1081.08
31.2078,25.74,1081.85
31.2178,75.9,1072.28
31.2278,115.5,1070.3
31.2378,162.91,1051.93
31.2478,214.39,1045.22
31.2578,287.87,1029.49
31.2678,342.98,1008.92
31.2778,373.67,974.82
31.2878,392.92,936.76
31.2978,416.35,895.73
31.3078,453.75,848.65
31.3178,501.82,800.69
31.3278,554.18,751.63
31.3378,608.52,699.05
31.3478,665.61,654.17
31.3578,712.58,605.55
31.3678,764.61,545.6
31.3778,807.62,503.25
31.3878,846.45,448.58
31.3978,883.08,406.23
31.4078,908.49,356.18
31.4178,931.7,312.73
31.4278,950.62,269.06
31.4378,969.76,232.54
31.4478,984.06,180.95
31.4578,1000.89,127.82
31.4678,1013.54,85.91
31.4778,1021.79,53.79
31.4878,1030.04,23.65
31.4978,1035.98,10.01
31.5078,1046.54,4.51
31.5178,1046.54,4.51
31.5278,1048.3,4.51
31.5378,1048.52,4.51
31.5478,1050.72,4.51
31.5578,1053.58,4.51
31.5678,1049.62,4.51
31.5778,1047.97,4.51
31.5878,1050.39,0.0
31.5978,1046.32,0.0
31.6078,1044.12,0.0
31.6178,1046.87,0.0
31.6278,1042.8,0.0
31.6378,1042.91,0.0
31.6478,1043.13,0.0
31.6578,1041.04,0.0
31.6678,1039.28,0.0
31.6778,1039.5,0.0
31.6878,1037.63,0.0
31.6978,1038.4,0.0
31.7078,1034.66,0.0
31.7178,1030.81,0.0
31.7278,1031.47,0.0
31.7378,1027.73,0.0
31.7478,1026.19,0.0
31.7578,1027.18,0.0
31.7678,1028.17,0.0
31.7778,1029.05,0.0
31.7878,1036.42,0.0
31.7978,1048.08,0.0
31.8078,1057.76,0.0
31.8178,1067.44,0.0
31.8278,1072.61,0.0
31.8378,1081.96,0.0
31.8478,1089.77,0.0
31.8578,1092.85,0.0
31.8678,1094.06,0.0
31.8778,1095.49,0.0
31.8878,1088.01,0.0
31.8978,1082.84,0.0
31.9078,1073.38,0.0
31.9178,1060.51,0.0
31.9278,1049.51,0.0
31.9378,1036.75,0.0
31.9478,1020.69,0.0
31.9578,1000.45,4.51
31.9678,979.99,11.44
31.9778,954.91,29.7
31.9878,932.36,96.36
31.9978,904.86,193.6
32.0078,870.87,267.19
32.0178,829.29,323.07
32.0278,787.71,373.01
32.0378,751.19,415.14
32.0478,712.25,441.87
32.0578,671.44,491.59
32.0678,627.44,559.02
32.0778,582.89,620.84
32.0878,535.15,682.33
32.0978,476.52,733.04
32.1078,417.67,774.51
32.1178,361.57,798.16
32.1278,294.91,823.46
32.1378,223.74,837.65
32.1477,168.63,854.04
32.1577,106.92,869.77
32.1677,70.95,892.65
32.1777,48.62,915.86
32.1877,37.4,934.34
32.1977,22.0,957.77
32.2077,4.51,973.94
32.2177,4.51,995.72
32.2277,0.0,1010.13
32.2377,0.0,1015.08
32.2477,0.0,1027.4
32.2577,0.0,1037.19
32.2677,0.0,1049.4
32.2777,0.0,1043.46
32.2877,0.0,1045.55
32.2977,0.0,1050.28
32.3077,0.0,1045.44
32.3177,0.0,1040.49
32.3277,0.0,1036.64
32.3377,0.0,1034.55
32.3477,0.0,1025.75
32.3577,0.0,1034.0
32.3677,0.0,1035.1
32.3777,0.0,1041.26
32.3877,0.0,1046.87
32.3977,0.0,1056.99
32.4077,0.0,1059.96
32.4177,0.0,1062.93
32.4277,0.0,1061.06
32.4377,0.0,1070.85
32.4477,0.0,1071.4
32.4577,0.0,1079.21
32.4677,0.0,1083.06
32.4777,0.0,1091.86
32.4877,0.0,1103.08
32.4977,0.0,1111.55
32.5077,0.0,1117.6
32.5177,0.0,1124.31
32.5277,0.0,1126.07
32.5377,0.0,1122.99
32.5477,0.0,1120.13
32.5577,0.0,1110.45
32.5677,4.07,1096.26
32.5777,8.25,1082.95
32.5877,14.41,1062.38
32.5977,24.75,1047.53
32.6077,54.67,1022.01
32.6177,119.9,994.62
32.6277,218.79,953.15
32.6377,308.11,918.5
32.6477,388.3,875.93
32.6577,444.29,824.23
32.6677,509.74,779.68
32.6777,608.08,732.16
32.6877,675.29,682.66
32.6977,731.94,630.3
32.7077,775.28,564.19
32.7177,813.78,499.4
32.7277,835.12,415.8
32.7377,849.97,331.54
32.7477,858.77,237.05
32.7577,871.97,159.17
32.7677,890.23,95.7
32.7777,910.25,58.3
32.7877,936.76,34.87
32.7977,963.93,18.37
32.8077,988.24,6.05
32.8177,1006.83,3.96
32.8277,1024.87,3.96
32.8377,1043.24,0.0
32.8477,1042.03,0.0
32.8577,1054.02,0.0
32.8677,1059.52,0.0
32.8777,1064.69,0.0
32.8877,1063.81,0.0
32.8977,1069.2,0.0
32.9077,1069.97,0.0
32.9177,1071.29,0.0
32.9277,1065.57,0.0
32.9377,1062.6,0.0
32.9477,1055.01,0.0
32.9577,1047.75,0.0
32.9677,1044.45,0.0
32.9777,1041.37,0.0
32.9877,1037.96,0.0
32.9977,1028.17,0.0
33.0077,1023.22,0.0
33.0177,1018.6,0.0
33.0277,1011.45,0.0
33.0377,1011.45,0.0
33.0477,1008.81,0.0
33.0577,1003.31,0.0
33.0677,1002.32,0.0
33.0777,994.51,0.0
33.0877,987.47,0.0
33.0977,977.02,0.0
33.1077,969.1,6.82
33.1177,961.62,9.13
33.1277,944.9,6.82
33.1377,930.16,6.82
33.1477,910.47,9.13
33.1577,876.59,11.44
33.1677,858.99,20.57
33.1777,842.38,44.88
33.1877,812.79,110.44
33.1977,780.45,224.18
33.2077,743.71,338.91
33.2177,697.62,442.75
33.2277,641.41,514.36
33.2377,573.21,579.92
33.2477,495.99,668.91
33.2577,410.08,746.24
33.2677,302.28,809.49
33.2777,204.71,881.87
33.2877,126.83,944.24
33.2977,75.35,995.17
33.3077,50.71,1031.58
33.3177,30.69,1063.92
33.3277,17.49,1082.51
33.3377,15.18,1093.73
33.3477,4.51,1103.08
33.3577,0.0,1089.22
33.3677,0.0,1078.22
33.3777,0.0,1053.25
33.3877,0.0,1037.41
33.3977,0.0,1012.44
33.4077,0.0,996.82
33.4177,0.0,975.92
33.4277,0.0,964.81
33.4377,0.0,957.99
33.4477,0.0,946.77
33.4577,0.0,941.93
33.4677,0.0,937.2
33.4777,0.0,945.34
33.4877,0.0,945.34
33.4977,0.0,960.19
33.5077,0.0,972.84
33.5177,0.0,997.7
33.5277,0.0,1010.68
33.5377,0.0,1038.95
33.5477,0.0,1059.85
33.5577,0.0,1076.79
33.5677,0.0,1092.19
33.5776,0.0,1095.27
33.5876,0.0,1093.62
33.5976,0.0,1089.22
33.6076,8.25,1076.9
33.6176,16.5,1055.67
33.6276,44.66,1034.99
33.6376,110.33,1005.07
33.6476,240.46,968.33
33.6576,366.3,924.55
33.6676,461.01,866.8
33.6776,568.15,800.03
33.6876,660.44,731.83
33.6976,793.1,667.15
33.7076,882.53,607.2
33.7176,940.83,549.01
33.7276,983.18,478.06
33.7376,1012.33,386.65
33.7476,1034.66,304.04
33.7576,1050.17,203.5
33.7676,1061.61,115.83
33.7776,1067.99,72.6
33.7876,1072.94,41.03
33.7976,1071.73,22.44
33.8076,1070.96,10.01
33.8176,1066.01,8.03
33.8276,1064.14,6.05
33.8376,1058.97,3.96
33.8476,1061.06,0.0
33.8576,1058.31,0.0
33.8676,1055.45,0.0
33.8776,1048.52,0.0
33.8876,1040.6,0.0
33.8976,1033.01,0.0
33.9076,1025.42,0.0
33.9176,1021.79,0.0
33.9276,1014.75,0.0
33.9376,1011.67,0.0
33.9476,1004.3,0.0
33.9576,997.04,0.0
33.9676,996.71,0.0
33.9776,992.31,0.0
33.9876,989.89,0.0
33.9976,989.01,0.0
34.0076,990.22,0.0
34.0176,987.14,0.0
34.0276,986.04,0.0
34.0376,980.43,8.03
34.0476,984.39,13.53
34.0576,984.61,3.96
34.0676,978.67,0.0
34.0776,972.62,0.0
34.0876,962.17,0.0
34.0976,951.28,0.0
34.1076,934.23,4.51
34.1176,912.01,0.0
34.1276,889.35,4.51
34.1376,860.42,6.82
34.1476,841.28,11.44
34.1576,815.54,27.39
34.1676,785.95,71.83
34.1776,758.12,204.38
34.1876,722.7,330.55
34.1976,671.55,431.53
34.2076,607.64,525.69
34.2176,539.66,584.76
34.2276,458.37,677.38
34.2376,356.84,786.17
34.2476,252.78,863.39
34.2576,157.85,934.34
34.2676,97.68,1006.94
34.2776,66.33,1052.81
34.2876,46.31,1092.41
34.2976,26.29,1120.02
34.3076,15.18,1133.66
34.3176,8.69,1143.01
34.3276,4.51,1138.61
34.3376,0.0,1132.12
34.3476,0.0,1104.84
34.3576,0.0,1088.78
34.3676,0.0,1070.63
34.3776,0.0,1050.83
34.3876,0.0,1032.68
34.3976,0.0,1019.26
34.4076,0.0,1008.04
34.4176,0.0,1004.52
34.4276,0.0,1000.12
34.4376,0.0,1000.45
34.4476,0.0,1001.0
34.4576,0.0,1008.59
34.4676,0.0,1012.0
34.4776,0.0,1025.2
34.4876,0.0,1033.67
34.4976,0.0,1052.7
34.5076,0.0,1067.0
34.5176,0.0,1083.72
34.5276,0.0,1100.77
34.5376,0.0,1115.62
34.5476,0.0,1134.1
34.5576,0.0,1138.28
34.5676,0.0,1143.01
34.5776,0.0,1132.78
34.5876,0.0,1128.27
34.5976,0.0,1112.1
34.6076,4.07,1097.03
34.6176,8.25,1072.17
34.6276,14.41,1050.39
34.6376,26.84,1019.92
34.6476,66.55,984.61
34.6576,175.67,942.04
34.6676,320.32,904.53
34.6776,422.95,853.82
34.6876,503.69,794.2
34.6976,576.73,738.87
34.7076,654.94,687.28
34.7176,758.23,632.5
34.7276,810.59,557.15
34.7376,859.1,480.59
34.7476,894.19,388.85
34.7576,920.37,290.4
34.7676,945.89,200.2
34.7776,969.54,123.97
34.7876,986.48,83.05
34.7976,999.68,57.75
34.8076,1015.41,38.39
34.8176,1021.13,12.1
34.8276,1029.49,8.03
34.8376,1031.8,6.05
34.8476,1031.36,0.0
34.8576,1033.01,0.0
34.8676,1029.82,0.0
34.8776,1031.25,0.0
34.8876,1028.17,0.0
34.8976,1029.49,0.0
34.9076,1031.36,0.0
34.9176,1028.61,0.0
34.9276,1027.84,0.0
34.9376,1024.98,0.0
34.9476,1022.12,0.0
34.9576,1018.93,0.0
34.9676,1015.85,0.0
34.9776,1016.95,0.0
34.9876,1011.56,0.0
34.9976,1010.46,0.0
35.0075,1011.78,0.0
35.0175,1006.83,0.0
35.0275,1002.1,0.0
35.0375,997.15,0.0
35.0475,990.66,0.0
35.0575,986.81,0.0
35.0675,979.0,0.0
35.0775,978.12,0.0
35.0875,973.94,0.0
35.0975,974.27,0.0
35.1075,976.25,0.0
35.1175,967.78,0.0
35.1275,956.56,0.0
35.1375,936.21,0.0
35.1475,914.43,4.51
35.1575,887.37,9.13
35.1675,864.6,18.26
35.1775,830.94,40.59
35.1875,798.71,113.52
35.1975,764.06,251.35
35.2075,722.59,376.09
35.2175,668.58,489.72
35.2275,600.49,575.85
35.2375,517.55,640.2
35.2475,427.79,724.9
35.2575,332.64,816.09
35.2675,242.0,891.88
35.2775,163.79,961.84
35.2875,101.64,1024.87
35.2975,63.8,1066.23
35.3075,41.8,1094.28
35.3175,19.58,1117.16
35.3275,17.27,1131.79
35.3375,10.89,1134.32
35.3475,8.69,1123.1
35.3575,4.18,1110.45
35.3675,4.18,1088.01
35.3775,0.0,1075.03
35.3875,0.0,1052.92
35.3975,0.0,1037.19
35.4075,0.0,1021.68
35.4175,0.0,1010.79
35.4275,0.0,996.6
35.4375,0.0,991.76
35.4475,0.0,987.8
35.4575,0.0,985.71
35.4675,0.0,991.98
35.4775,0.0,999.9
35.4875,0.0,1006.17
35.4975,0.0,1017.94
35.5075,0.0,1032.24
35.5175,0.0,1042.14
35.5275,0.0,1058.97
35.5375,0.0,1073.38
35.5475,0.0,1083.39
35.5575,0.0,1097.91
35.5675,0.0,1101.87
35.5775,0.0,1105.83
35.5875,0.0,1110.45
35.5975,0.0,1103.08
35.6075,0.0,1096.7
35.6175,0.0,1085.59
35.6275,0.0,1069.86
35.6375,6.16,1049.73
35.6475,14.41,1024.21
35.6575,31.02,984.39
35.6675,106.81,946.22
35.6775,270.82,904.64
35.6875,406.67,858.22
35.6975,500.39,807.29
35.7075,575.41,754.6
35.7175,621.61,698.61
35.7275,713.13,641.85
35.7375,807.95,576.4
35.7475,862.07,504.79
35.7575,913.11,413.16
35.7675,951.06,320.87
35.7775,985.93,226.6
35.7875,1010.24,140.03
35.7975,1027.62,94.6
35.8075,1038.62,61.93
35.8175,1045.66,42.46
35.8275,1046.32,21.78
35.8375,1043.35,16.28
35.8475,1042.14,10.01
35.8575,1043.9,8.03
35.8675,1042.8,3.96
35.8775,1040.05,3.96
35.8875,1043.02,0.0
35.8975,1046.54,0.0
35.9075,1043.68,0.0
35.9175,1049.29,0.0
35.9275,1048.52,0.0
35.9375,1048.08,0.0
35.9475,1045.55,0.0
35.9575,1040.71,0.0
35.9675,1035.43,0.0
35.9775,1036.97,0.0
35.9875,1029.6,0.0
35.9975,1024.54,0.0
36.0075,1026.52,0.0
36.0175,1020.14,0.0
36.0275,1020.47,0.0
36.0375,1009.03,0.0
36.0475,1005.95,0.0
36.0575,998.47,0.0
36.0675,991.21,0.0
36.0775,976.8,0.0
36.0875,962.94,0.0
36.0975,952.93,0.0
36.1075,938.63,0.0
36.1175,922.13,0.0
36.1275,900.02,0.0
36.1375,869.0,0.0
36.1475,846.67,0.0
36.1575,825.66,0.0
36.1675,800.25,4.51
36.1775,772.31,13.64
36.1875,737.77,54.45
36.1975,706.75,213.95
36.2075,660.22,358.71
36.2175,592.13,470.69
36.2275,523.6,594.66
36.2375,442.64,681.67
36.2475,331.65,801.79
36.2575,227.48,912.67
36.2675,140.14,995.17
36.2775,86.57,1087.35
36.2875,57.42,1155.22
36.2975,35.31,1204.28
36.3075,17.49,1233.65
36.3175,15.18,1256.53
36.3275,4.51,1258.73
36.3375,4.51,1250.81
36.3475,0.0,1225.84
36.3575,0.0,1195.7
36.3675,0.0,1161.38
36.3775,0.0,1129.15
36.3875,0.0,1094.5
36.3975,0.0,1066.23
36.4075,0.0,1042.58
36.4175,0.0,1019.92
36.4275,0.0,1006.17
36.4374,0.0,992.31
36.4474,0.0,994.18
36.4574,0.0,992.31
36.4674,0.0,993.85
36.4774,0.0,999.46
36.4874,0.0,1013.1
36.4974,0.0,1029.49
36.5074,0.0,1040.05
36.5174,0.0,1055.89
36.5274,0.0,1069.2
36.5374,0.0,1087.13
36.5474,0.0,1098.46
36.5574,0.0,1112.1
36.5674,0.0,1114.41
36.5774,0.0,1116.72
36.5874,0.0,1119.58
36.5974,0.0,1115.4
36.6074,0.0,1111.22
36.6174,0.0,1091.2
36.6274,0.0,1072.61
36.6374,4.07,1049.95
36.6474,8.25,1019.26
36.6574,18.59,986.15
36.6674,62.81,950.73
36.6774,191.73,907.06
36.6874,354.64,874.94
36.6974,452.98,825.44
36.7074,528.44,775.5
36.7174,578.49,732.49
36.7274,627.11,671.33
36.7374,706.53,601.15
36.7474,769.78,525.36
36.7574,820.49,442.64
36.7674,868.45,348.7
36.7774,912.12,254.54
36.7874,951.17,184.03
36.7974,984.39,124.63
36.8074,1008.48,88.33
36.8174,1032.9,59.62
36.8274,1046.65,36.3
36.8374,1054.46,8.03
36.8474,1058.2,6.05
36.8574,1060.4,3.96
36.8674,1053.58,0.0
36.8774,1059.74,0.0
36.8874,1056.99,0.0
36.8974,1065.24,0.0
36.9074,1073.27,0.0
36.9174,1072.17,0.0
36.9274,1073.38,0.0
36.9374,1076.46,0.0
36.9474,1073.6,0.0
36.9574,1070.41,0.0
36.9674,1060.95,0.0
36.9774,1060.29,0.0
36.9874,1053.03,0.0
36.9974,1050.06,0.0
37.0074,1045.0,0.0
37.0174,1039.72,0.0
37.0274,1033.34,0.0
37.0374,1024.76,0.0
37.0474,1019.37,0.0
37.0574,1014.31,0.0
37.0674,1004.85,0.0
37.0774,998.69,10.45
37.0874,990.44,8.91
37.0974,984.72,0.0
37.1074,976.47,0.0
37.1174,965.91,0.0
37.1274,952.93,4.51
37.1374,935.44,6.82
37.1474,913.11,6.82
37.1574,888.8,6.82
37.1674,861.85,9.13
37.1774,842.93,13.64
37.1874,813.23,20.57
37.1974,783.64,67.21
37.2074,753.06,201.85
37.2174,714.01,345.51
37.2274,666.6,469.7
37.2374,599.17,577.94
37.2474,528.22,687.61
37.2574,444.62,795.19
37.2674,342.54,884.29
37.2774,242.99,952.49
37.2874,161.92,1029.6
37.2974,95.48,1099.56
37.3074,64.02,1147.85
37.3174,44.0,1180.85
37.3274,17.49,1199.88
37.3374,15.18,1206.7
37.3474,4.51,1210.22
37.3574,4.51,1195.26
37.3674,0.0,1175.46
37.3774,0.0,1153.13
37.3874,0.0,1128.27
37.3974,0.0,1094.06
37.4074,0.0,1074.15
37.4174,0.0,1049.84
37.4274,0.0,1032.13
37.4374,0.0,1014.2
37.4474,0.0,1003.31
37.4574,0.0,996.93
37.4674,0.0,997.37
37.4774,0.0,990.99
37.4874,0.0,996.71
37.4974,0.0,1002.65
37.5074,0.0,1013.32
37.5174,0.0,1023.99
37.5274,0.0,1039.5
37.5374,0.0,1043.13
37.5474,0.0,1054.35
37.5574,0.0,1063.37
37.5674,0.0,1070.08
37.5774,0.0,1082.4
37.5874,0.0,1087.02
37.5974,0.0,1082.51
37.6074,0.0,1085.48
37.6174,0.0,1080.86
37.6274,0.0,1074.04
37.6374,8.25,1062.05
37.6474,12.32,1047.31
37.6574,22.77,1024.54
37.6674,44.66,999.9
37.6774,97.46,972.29
37.6874,201.08,935.11
37.6974,324.28,903.98
37.7074,419.65,866.36
37.7174,492.14,817.96
37.7274,546.04,769.56
37.7374,611.82,724.9
37.7474,709.72,657.25
37.7574,753.72,585.64
37.7674,800.14,503.91
37.7774,837.1,413.93
37.7874,873.95,320.54
37.7974,899.69,230.89
37.8074,925.54,153.56
37.8174,949.74,101.2
37.8274,972.29,67.76
37.8374,990.99,47.74
37.8474,1003.75,22.55
37.8573,1013.65,16.5
37.8673,1022.01,3.96
37.8773,1028.06,0.0
37.8873,1036.2,0.0
37.8973,1043.9,0.0
37.9073,1052.15,0.0
37.9173,1059.96,0.0
37.9273,1067.77,0.0
37.9373,1071.18,0.0
37.9473,1070.63,0.0
37.9573,1069.75,0.0
37.9673,1064.36,0.0
37.9773,1061.39,0.0
37.9873,1058.2,0.0
37.9973,1048.85,0.0
38.0073,1045.77,0.0
38.0173,1038.73,0.0
38.0273,1032.24,0.0
38.0373,1029.6,0.0
38.0473,1019.92,0.0
38.0573,1014.86,0.0
38.0673,1005.62,0.0
38.0773,1001.22,21.89
38.0873,990.88,16.94
38.0973,980.87,0.0
38.1073,970.42,0.0
38.1173,957.99,0.0
38.1273,944.9,0.0
38.1373,927.08,6.82
38.1473,909.04,9.13
38.1573,889.13,6.82
38.1673,864.05,6.82
38.1773,845.13,11.44
38.1873,811.58,27.06
38.1973,783.53,53.46
38.2073,753.17,152.46
38.2173,714.45,304.48
38.2273,665.94,439.89
38.2373,604.67,546.26
38.2473,535.37,638.88
38.2573,450.78,747.23
38.2673,352.66,865.37
38.2773,249.26,941.71
38.2873,161.92,1020.47
38.2973,99.44,1090.65
38.3073,59.62,1140.04
38.3173,41.8,1175.35
38.3273,19.58,1196.8
38.3373,15.18,1203.73
38.3473,8.69,1203.62
38.3573,8.69,1186.79
38.3673,0.0,1161.49
38.3773,0.0,1131.13
38.3873,0.0,1106.93
38.3973,0.0,1082.18
38.4073,0.0,1059.08
38.4173,0.0,1032.9
38.4273,0.0,1016.95
38.4373,0.0,998.8
38.4473,0.0,997.15
38.4573,0.0,988.24
38.4673,0.0,990.55
38.4773,0.0,1001.55
38.4873,0.0,1005.62
38.4973,0.0,1009.91
38.5073,0.0,1023.99
38.5173,0.0,1035.87
38.5273,0.0,1052.48
38.5373,0.0,1064.69
38.5473,0.0,1076.35
38.5573,0.0,1087.24
38.5673,0.0,1098.13
38.5773,0.0,1105.06
38.5873,0.0,1106.6
38.5973,0.0,1104.73
38.6073,0.0,1100.22
38.6173,6.16,1083.94
38.6273,14.41,1072.72
38.6373,34.76,1049.73
38.6473,93.39,1012.77
38.6573,222.75,969.98
38.6673,362.34,923.45
38.6773,460.57,870.21
38.6873,550.99,815.1
38.6973,617.87,754.38
38.7073,711.15,703.45
38.7173,818.84,641.85
38.7273,878.68,559.79
38.7373,931.92,476.96
38.7473,960.96,376.42
38.7573,989.56,270.49
38.7673,1009.58,163.13
38.7773,1027.4,100.21
38.7873,1041.04,65.01
38.7973,1051.27,44.99
38.8073,1062.49,33.55
38.8173,1065.79,26.73
38.8273,1066.67,15.51
38.8373,1063.48,8.03
38.8473,1056.88,6.05
38.8573,1054.68,3.96
38.8673,1047.42,0.0
38.8773,1042.36,0.0
38.8873,1036.64,0.0
38.8973,1028.61,0.0
38.9073,1021.02,0.0
38.9173,1017.94,0.0
38.9273,1010.57,0.0
38.9373,1004.08,0.0
38.9473,997.92,0.0
38.9573,986.04,0.0
38.9673,978.45,0.0
38.9773,966.9,0.0
38.9873,964.37,0.0
38.9973,955.79,0.0
39.0073,949.63,0.0
39.0173,941.38,0.0
39.0273,941.6,0.0
39.0373,938.96,0.0
39.0473,938.74,0.0
39.0573,938.3,0.0
39.0673,929.17,0.0
39.0773,919.82,0.0
39.0873,908.05,0.0
39.0973,894.08,0.0
39.1073,873.95,0.0
39.1173,855.03,0.0
39.1273,836.0,0.0
39.1373,814.66,0.0
39.1473,791.12,0.0
39.1573,765.27,6.82
39.1673,730.95,22.88
39.1773,697.73,94.05
39.1873,655.27,274.67
39.1973,604.34,405.35
39.2073,544.61,547.03
39.2173,469.37,655.93
39.2273,379.06,739.75
39.2373,277.42,875.16
39.2473,188.54,967.56
39.2573,113.08,1044.67
39.2673,75.13,1129.92
39.2773,52.8,1185.91
39.2872,28.49,1225.18
39.2972,17.49,1254.0
39.3072,10.89,1261.26
39.3172,8.69,1256.97
39.3272,0.0,1236.84
39.3372,0.0,1210.11
39.3472,0.0,1183.6
39.3572,0.0,1150.38
39.3672,0.0,1119.25
39.3772,0.0,1084.6
39.3872,0.0,1064.03
39.3972,0.0,1042.03
39.4072,0.0,1026.08
39.4172,0.0,1017.61
39.4272,0.0,1004.3
39.4372,0.0,1003.86
39.4472,0.0,1007.27
39.4572,0.0,1017.39
39.4672,0.0,1032.46
39.4772,0.0,1040.38
39.4872,0.0,1055.78
39.4972,0.0,1073.27
39.5072,0.0,1083.83
39.5172,0.0,1097.03
39.5272,0.0,1108.14
39.5372,0.0,1116.61
39.5472,0.0,1123.43
39.5572,0.0,1132.56
39.5672,0.0,1127.61
39.5772,0.0,1125.96
39.5872,0.0,1121.89
39.5972,0.0,1110.89
39.6072,0.0,1090.76
39.6172,0.0,1074.81
39.6272,8.25,1044.45
39.6372,18.59,1014.64
39.6472,44.44,982.19
39.6572,130.24,946.0
39.6672,281.93,904.31
39.6772,404.91,865.37
39.6872,497.2,817.74
39.6972,557.37,768.79
39.7072,622.82,721.05
39.7172,714.45,659.34
39.7272,769.12,586.85
39.7372,813.23,504.02
39.7472,857.01,420.97
39.7572,887.04,332.42
39.7672,921.25,239.8
39.7772,946.77,166.32
39.7872,974.71,109.01
39.7972,994.73,74.91
39.8072,1019.48,49.72
39.8172,1033.89,31.57
39.8272,1046.65,20.46
39.8372,1055.67,13.53
39.8472,1066.34,11.55
39.8572,1072.83,3.96
39.8672,1078.88,0.0
39.8772,1077.78,0.0
39.8872,1078.77,0.0
39.8972,1079.65,0.0
39.9072,1074.15,0.0
39.9172,1068.98,0.0
39.9272,1061.61,0.0
39.9372,1049.84,0.0
39.9472,1044.67,0.0
39.9572,1037.08,0.0
39.9672,1032.02,0.0
39.9772,1028.94,0.0
39.9872,1021.68,0.0
39.9972,1017.28,0.0
40.0072,1015.08,8.36
40.0172,1007.82,20.68
40.0272,1004.52,22.77
40.0372,995.39,24.86
40.0472,991.21,19.8
40.0572,982.3,10.45
40.0672,970.2,0.0
40.0772,962.28,0.0
40.0872,953.92,11.0
40.0972,943.47,9.13
40.1072,924.11,11.44
40.1172,904.42,13.64
40.1272,883.96,13.64
40.1372,861.52,11.44
40.1472,840.4,18.26
40.1572,810.81,33.66
40.1672,781.11,79.31
40.1772,753.06,187.77
40.1872,707.74,312.51
40.1972,659.01,438.24
40.2072,593.12,602.58
40.2172,521.73,722.92
40.2272,434.83,825.33
40.2372,335.28,905.3
40.2472,236.06,965.69
40.2572,153.01,1029.16
40.2672,90.86,1077.89
40.2772,61.82,1119.58
40.2872,41.8,1145.54
40.2972,21.78,1161.27
40.3072,17.49,1172.82
40.3172,15.18,1169.74
40.3272,8.69,1155.44
40.3372,4.51,1137.95
40.3472,0.0,1115.62
40.3572,0.0,1095.93
40.3672,0.0,1078.88
40.3772,0.0,1061.17
40.3872,0.0,1040.16
40.3972,0.0,1026.19
40.4072,0.0,1013.1
40.4172,0.0,1009.58
40.4272,0.0,1008.48
40.4372,0.0,1005.4
40.4472,0.0,1012.11
40.4572,0.0,1021.46
40.4672,0.0,1033.01
40.4772,0.0,1042.14
40.4872,0.0,1056.33
40.4972,0.0,1062.38
40.5072,0.0,1070.19
40.5172,0.0,1083.72
40.5272,0.0,1092.19
40.5372,0.0,1093.84
40.5472,0.0,1100.44
40.5572,0.0,1095.71
40.5672,0.0,1096.04
40.5772,0.0,1094.28
40.5872,4.07,1087.68
40.5972,10.34,1077.01
40.6072,18.59,1060.73
40.6172,42.79,1028.61
40.6272,99.99,986.92
40.6372,216.92,957.0
40.6472,348.26,911.68
40.6572,448.03,864.49
40.6672,516.89,813.12
40.6772,570.9,756.8
40.6872,634.59,716.98
40.6972,746.9,654.83
40.7072,803.66,583.99
40.7171,848.32,505.89
40.7271,888.14,420.64
40.7371,921.36,329.12
40.7471,945.78,237.49
40.7571,962.83,160.93
40.7671,982.3,107.8
40.7771,1000.12,74.91
40.7871,1011.78,49.72
40.7971,1017.83,31.57
40.8071,1024.21,22.55
40.8171,1030.37,13.53
40.8271,1038.51,6.05
40.8371,1044.67,3.96
40.8471,1052.48,0.0
40.8571,1062.71,0.0
40.8671,1068.1,0.0
40.8771,1073.49,0.0
40.8871,1072.61,0.0
40.8971,1071.73,0.0
40.9071,1071.62,0.0
40.9171,1066.23,0.0
40.9271,1061.39,0.0
40.9371,1055.67,0.0
40.9471,1053.03,0.0
40.9571,1045.55,0.0
40.9671,1042.14,0.0
40.9771,1037.63,0.0
40.9871,1033.23,0.0
40.9971,1024.43,0.0
41.0071,1014.64,0.0
41.0171,1009.58,0.0
41.0271,995.94,0.0
41.0371,987.47,0.0
41.0471,977.79,0.0
41.0571,963.38,0.0
41.0671,950.84,0.0
41.0771,942.48,0.0
41.0871,920.81,0.0
41.0971,903.21,0.0
41.1071,880.88,0.0
41.1171,862.29,0.0
41.1271,840.95,0.0
41.1371,814.0,6.82
41.1471,786.06,20.57
41.1571,757.9,65.12
41.1671,729.85,206.14
41.1771,688.6,345.4
41.1871,638.99,462.77
41.1971,572.11,575.85
41.2071,501.05,685.41
41.2171,416.46,806.52
41.2271,317.24,896.94
41.2371,220.22,966.68
41.2471,141.9,1045.0
41.2571,84.15,1101.1
41.2671,59.62,1150.49
41.2771,37.29,1181.18
41.2871,17.49,1204.72
41.2971,17.49,1216.27
41.3071,15.18,1208.9
41.3171,8.69,1198.12
41.3271,0.0,1169.52
41.3371,0.0,1141.47
41.3471,0.0,1111.77
41.3571,0.0,1084.6
41.3671,0.0,1057.32
41.3771,0.0,1033.89
41.3871,0.0,1015.19
41.3971,0.0,998.69
41.4071,0.0,989.23
41.4171,0.0,987.36
41.4271,0.0,990.22
41.4371,0.0,990.44
41.4471,0.0,1000.78
41.4571,0.0,1014.2
41.4671,0.0,1030.26
41.4771,0.0,1046.43
41.4871,0.0,1062.6
41.4971,0.0,1081.19
41.5071,0.0,1095.71
41.5171,0.0,1114.96
41.5271,0.0,1124.2
41.5371,0.0,1133.88
41.5471,0.0,1142.68
41.5571,0.0,1134.87
41.5671,0.0,1130.03
41.5771,0.0,1116.28
41.5871,4.07,1100.77
41.5971,10.34,1080.53
41.6071,22.77,1055.12
41.6171,52.8,1027.84
41.6271,135.08,988.9
41.6371,270.16,953.04
41.6471,390.83,908.93
41.6571,487.41,858.22
41.6671,559.9,798.16
41.6771,618.64,749.65
41.6871,728.2,691.46
41.6971,796.51,629.64
41.7071,847.44,552.42
41.7171,889.02,466.95
41.7271,921.03,369.16
41.7371,942.04,272.91
41.7471,958.87,178.09
41.7571,973.17,108.02
41.7671,984.83,72.71
41.7771,1001.55,47.19
41.7871,1017.61,35.64
41.7971,1027.18,17.6
41.8071,1032.13,15.51
41.8171,1036.97,8.03
41.8271,1044.01,8.03
41.8371,1050.39,3.96
41.8471,1058.53,3.96
41.8571,1064.47,0.0
41.8671,1060.95,0.0
41.8771,1058.2,0.0
41.8871,1054.35,0.0
41.8971,1048.85,0.0
41.9071,1047.75,0.0
41.9171,1035.65,0.0
41.9271,1039.17,0.0
41.9371,1034.0,0.0
41.9471,1028.83,0.0
41.9571,1024.43,0.0
41.9671,1024.54,0.0
41.9771,1015.19,0.0
41.9871,1016.07,0.0
41.9971,1010.9,0.0
42.0071,1005.62,0.0
42.0171,1005.18,0.0
42.0271,1006.72,9.46
42.0371,1000.45,0.0
42.0471,998.91,0.0
42.0571,990.66,0.0
42.0671,979.99,4.51
42.0771,971.19,9.13
42.0871,945.34,9.13
42.0971,925.21,9.13
42.1071,896.39,9.13
42.1171,866.91,13.64
42.1271,843.81,29.7
42.1371,814.33,85.36
42.147,784.08,212.3
42.157,751.41,331.76
42.167,702.9,447.81
42.177,642.62,541.42
42.187,578.49,667.81
42.197,505.23,769.89
42.207,415.36,846.56
42.217,306.68,906.29
42.227,204.82,976.14
42.237,135.3,1030.59
42.247,81.95,1080.75
42.257,57.42,1119.91
42.267,33.0,1138.39
42.277,17.49,1157.42
42.287,15.18,1162.15
42.297,10.89,1157.75
42.307,4.51,1141.8
42.317,0.0,1126.4
42.327,0.0,1109.02
42.337,0.0,1087.46
42.347,0.0,1074.59
42.357,0.0,1057.76
42.367,0.0,1041.92
42.377,0.0,1032.57
42.387,0.0,1028.17
42.397,0.0,1026.08
42.407,0.0,1029.49
42.417,0.0,1030.48
42.427,0.0,1039.39
42.437,0.0,1048.19
42.447,0.0,1057.32
42.457,0.0,1071.51
42.467,0.0,1084.6
42.477,0.0,1095.38
42.487,0.0,1101.32
42.497,0.0,1111.88
42.507,0.0,1123.32
42.517,0.0,1129.59
42.527,0.0,1129.15
42.537,0.0,1126.62
42.547,0.0,1122.44
42.557,6.16,1116.39
42.567,12.32,1105.39
42.577,18.59,1087.79
42.587,32.45,1062.82
42.597,60.61,1032.46
42.607,125.95,997.92
42.617,228.47,963.6
42.627,330.0,915.86
42.637,424.82,868.89
42.647,495.88,824.56
42.657,574.2,766.92
42.667,666.38,724.79
42.677,726.0,670.89
42.687,768.46,601.04
42.697,805.86,527.34
42.707,834.02,445.17
42.717,866.03,353.87
42.727,884.51,263.89
42.737,907.72,186.56
42.747,931.7,124.63
42.757,951.17,83.05
42.767,967.56,60.28
42.777,990.33,36.3
42.787,1005.07,15.51
42.797,1021.79,13.53
42.807,1036.64,11.55
42.817,1044.45,3.96
42.827,1056.55,0.0
42.837,1064.36,0.0
42.847,1065.46,0.0
42.857,1070.74,0.0
42.867,1067.44,0.0
42.877,1069.2,0.0
42.887,1057.65,0.0
42.897,1052.7,0.0
42.907,1047.53,0.0
42.917,1040.16,0.0
42.927,1035.21,0.0
42.937,1034.66,0.0
42.947,1029.38,0.0
42.957,1020.47,0.0
42.967,1018.38,0.0
42.977,1011.01,0.0
42.987,1005.62,0.0
42.997,1002.65,0.0
43.007,1000.45,8.36
43.017,991.98,10.45
43.027,982.08,0.0
43.037,971.96,0.0
43.047,963.16,0.0
43.057,950.51,0.0
43.067,933.02,0.0
43.077,923.45,0.0
43.087,899.25,0.0
43.097,879.12,0.0
43.107,858.11,0.0
43.117,841.5,6.82
43.127,811.8,18.26
43.137,785.95,49.28
43.147,755.48,138.27
43.157,718.41,277.31
43.167,672.87,389.18
43.177,613.91,496.54
43.187,544.5,578.27
43.197,462.0,696.41
43.207,368.39,805.97
43.217,272.14,884.51
43.227,177.54,961.18
43.237,110.66,1034.0
43.247,70.73,1092.85
43.257,46.2,1137.18
43.267,21.78,1167.32
43.277,17.49,1185.58
43.287,10.89,1190.31
43.297,8.69,1181.4
43.307,8.69,1165.78
43.317,4.18,1136.3
43.327,0.0,1116.17
43.337,0.0,1089.66
43.347,0.0,1065.57
43.357,0.0,1041.81
43.367,0.0,1020.8
43.377,0.0,1005.07
43.387,0.0,998.58
43.397,0.0,989.89
43.407,0.0,986.81
43.417,0.0,983.18
43.427,0.0,996.71
43.437,0.0,1005.73
43.447,0.0,1014.75
43.457,0.0,1023.77
43.467,0.0,1042.8
43.477,0.0,1061.72
43.487,0.0,1079.76
43.497,0.0,1088.45
43.507,0.0,1103.63
43.517,0.0,1112.1
43.527,0.0,1116.17
43.537,0.0,1113.2
43.547,0.0,1105.94
43.557,0.0,1099.89
43.567,4.07,1079.76
43.5769,12.32,1064.36
43.5869,31.02,1030.04
43.5969,97.9,997.81
43.6069,236.83,958.54
43.6169,364.54,907.94
43.6269,455.07,853.82
43.6369,540.98,796.29
43.6469,631.95,735.79
43.6569,743.93,680.02
43.6669,810.48,615.56
43.6769,863.39,542.63
43.6869,903.21,463.54
43.6969,927.74,369.6
43.7069,951.83,270.71
43.7169,976.03,171.38
43.7269,995.39,106.04
43.7369,1015.08,67.76
43.7469,1024.54,48.07
43.7569,1032.24,31.57
43.7669,1040.71,17.6
43.7769,1044.89,13.53
43.7869,1047.31,6.05
43.7969,1049.4,3.96
43.8069,1048.85,3.96
43.8169,1050.39,0.0
43.8269,1051.49,0.0
43.8369,1052.59,0.0
43.8469,1053.69,0.0
43.8569,1047.64,0.0
43.8669,1044.45,0.0
43.8769,1045.44,0.0
43.8869,1035.43,0.0
43.8969,1032.35,0.0
43.9069,1024.65,0.0
43.9169,1015.3,0.0
43.9269,1013.1,0.0
43.9369,1012.77,0.0
43.9469,1008.26,0.0
43.9569,994.07,0.0
43.9669,993.08,0.0
43.9769,987.58,0.0
43.9869,985.05,0.0
43.9969,980.32,18.37
44.0069,974.38,9.46
44.0169,964.59,0.0
44.0269,958.65,0.0
44.0369,954.03,0.0
44.0469,934.78,0.0
44.0569,919.27,0.0
44.0669,899.14,0.0
44.0769,876.59,0.0
44.0869,857.78,0.0
44.0969,834.79,0.0
44.1069,811.91,9.13
44.1169,786.06,29.7
44.1269,758.01,127.82
44.1369,725.12,276.43
44.1469,680.9,392.15
44.1569,620.4,517.55
44.1669,551.76,615.23
44.1769,482.79,716.1
44.1869,396.77,818.51
44.1969,295.13,886.93
44.2069,204.38,957.11
44.2169,130.79,1019.04
44.2269,81.95,1078.99
44.2369,57.42,1120.24
44.2469,35.2,1144.88
44.2569,17.49,1171.17
44.2669,15.18,1181.4
44.2769,10.89,1181.84
44.2869,8.69,1168.53
44.2969,0.0,1150.6
44.3069,0.0,1131.24
44.3169,0.0,1110.56
44.3269,0.0,1085.92
44.3369,0.0,1065.24
44.3469,0.0,1051.71
44.3569,0.0,1038.29
44.3669,0.0,1031.58
44.3769,0.0,1027.84
44.3869,0.0,1028.5
44.3969,0.0,1024.98
44.4069,0.0,1038.73
44.4169,0.0,1045.0
44.4269,0.0,1053.36
44.4369,0.0,1059.74
44.4469,0.0,1065.57
44.4569,0.0,1069.75
44.4669,0.0,1073.16
44.4769,0.0,1079.43
44.4869,0.0,1088.12
44.4969,0.0,1092.19
44.5069,0.0,1101.54
44.5169,0.0,1094.72
44.5269,0.0,1092.41
44.5369,0.0,1092.85
44.5469,0.0,1086.36
44.5569,0.0,1072.61
44.5669,6.16,1058.75
44.5769,16.5,1035.76
44.5869,38.5,1007.16
44.5969,101.2,982.08
44.6069,238.15,939.29
44.6169,378.4,899.36
44.6269,488.95,860.53
44.6369,563.53,796.4
44.6469,602.8,746.68
44.6569,680.02,684.97
44.6669,749.65,620.29
44.6769,794.64,540.76
44.6869,838.64,457.38
44.6969,871.42,363.11
44.7069,912.89,269.28
44.7169,942.7,184.03
44.7269,973.28,121.66
44.7369,999.68,78.21
44.7469,1018.82,55.33
44.7569,1035.76,33.55
44.7669,1049.18,15.51
44.7769,1060.29,13.53
44.7869,1069.31,6.05
44.7969,1073.49,3.96
44.8069,1070.96,0.0
44.8169,1072.28,0.0
44.8269,1067.11,0.0
44.8369,1063.92,0.0
44.8469,1049.73,0.0
44.8569,1043.79,0.0
44.8669,1032.24,0.0
44.8769,1024.87,0.0
44.8869,1014.97,0.0
44.8969,1005.73,0.0
44.9069,992.86,0.0
44.9169,988.02,0.0
44.9269,973.83,0.0
44.9369,960.41,0.0
44.9469,953.59,0.0
44.9569,945.23,0.0
44.9669,941.27,0.0
44.9769,935.0,0.0
44.9869,934.67,0.0
44.9969,930.49,0.0
45.0068,927.63,0.0
45.0168,920.7,0.0
45.0268,911.24,0.0
45.0368,903.76,0.0
45.0468,893.97,4.51
45.0568,880.0,6.82
45.0668,866.03,6.82
45.0768,845.13,6.82
45.0868,826.54,9.13
45.0968,802.89,15.95
45.1068,785.84,31.57
45.1168,757.68,76.01
45.1268,721.05,216.59
45.1368,682.0,362.67
45.1468,635.03,496.65
45.1568,570.68,606.1
45.1668,494.67,720.72
45.1768,406.78,832.81
45.1868,310.42,928.18
45.1968,213.07,1007.82
45.2068,130.79,1082.51
45.2168,83.93,1142.02
45.2268,57.42,1180.52
45.2368,35.2,1199.88
45.2468,19.58,1216.49
45.2568,17.49,1221.77
45.2668,10.89,1218.47
45.2768,8.69,1202.85
45.2868,8.69,1178.1
45.2968,4.18,1158.63
45.3068,0.0,1133.44
45.3168,0.0,1103.52
45.3268,0.0,1080.97
45.3368,0.0,1061.28
45.3468,0.0,1038.62
45.3568,0.0,1027.29
45.3668,0.0,1018.93
45.3768,0.0,1007.93
45.3868,0.0,1003.42
45.3968,0.0,1002.21
45.4068,0.0,1000.78
45.4168,0.0,1004.52
45.4268,0.0,1010.24
45.4368,0.0,1018.71
45.4468,0.0,1032.02
45.4568,0.0,1040.6
45.4668,0.0,1051.6
45.4768,0.0,1062.93
45.4868,0.0,1074.59
45.4968,0.0,1083.61
45.5068,0.0,1088.12
45.5168,0.0,1092.85
45.5268,0.0,1092.85
45.5368,0.0,1093.07
45.5468,0.0,1077.12
45.5568,0.0,1065.24
45.5668,0.0,1043.9
45.5768,4.07,1019.26
45.5868,14.41,981.2
45.5968,46.75,956.34
45.6068,160.05,916.63
45.6168,334.18,889.9
45.6268,439.56,847.0
45.6368,522.72,796.73
45.6468,572.77,752.62
45.6568,642.4,699.93
45.6668,713.79,632.61
45.6768,760.1,554.4
45.6868,803.88,472.56
45.6968,849.53,389.84
45.7068,883.74,296.01
45.7168,911.46,222.2
45.7268,939.51,156.86
45.7368,958.21,112.42
45.7468,981.86,78.65
45.7568,995.72,46.53
45.7668,1008.04,35.64
45.7768,1022.89,28.71
45.7868,1027.18,26.73
45.7968,1033.12,15.51
45.8068,1039.5,11.55
45.8168,1038.29,6.05
45.8268,1048.74,3.96
45.8368,1051.93,3.96
45.8468,1058.09,0.0
45.8568,1054.79,0.0
45.8668,1056.55,0.0
45.8768,1053.91,0.0
45.8868,1048.96,0.0
45.8968,1039.17,0.0
45.9068,1033.78,0.0
45.9168,1028.61,0.0
45.9268,1023.66,0.0
45.9368,1021.02,0.0
45.9468,1018.16,0.0
45.9568,1014.42,0.0
45.9668,1011.23,0.0
45.9768,1010.46,0.0
45.9868,1011.45,14.41
45.9968,1008.37,28.16
46.0068,1012.0,23.32
46.0168,1007.27,3.96
46.0268,1001.33,8.91
46.0368,1000.12,8.91
46.0468,991.32,10.78
46.0568,978.89,17.71
46.0668,963.93,19.91
46.0768,946.22,15.95
46.0868,924.0,15.95
46.0968,891.11,18.26
46.1068,868.23,20.57
46.1168,834.13,38.06
46.1268,804.43,86.24
46.1368,770.0,187.99
46.1468,733.04,308.99
46.1568,682.99,435.71
46.1668,616.0,546.59
46.1768,537.68,682.33
46.1868,450.67,786.83
46.1968,356.73,868.45
46.2068,249.7,940.39
46.2168,168.3,1009.91
46.2268,101.75,1078.33
46.2368,70.29,1123.21
46.2468,45.98,1157.97
46.2568,28.16,1176.23
46.2668,19.58,1194.6
46.2768,15.18,1191.41
46.2868,8.69,1178.98
46.2968,8.69,1163.47
46.3068,4.18,1135.31
46.3168,0.0,1110.34
46.3268,0.0,1085.15
46.3368,0.0,1062.71
46.3468,0.0,1041.04
46.3568,0.0,1020.36
46.3668,0.0,999.13
46.3768,0.0,992.53
46.3868,0.0,986.48
46.3968,0.0,980.21
46.4068,0.0,982.19
46.4168,0.0,988.24
46.4268,0.0,999.35
46.4367,0.0,1014.2
46.4467,0.0,1020.58
46.4567,0.0,1036.97
46.4667,0.0,1052.92
46.4767,0.0,1074.15
46.4867,0.0,1092.19
46.4967,0.0,1110.23
46.5067,0.0,1116.39
46.5167,0.0,1120.57
46.5267,0.0,1117.6
46.5367,0.0,1112.76
46.5467,0.0,1103.85
46.5567,0.0,1086.03
46.5667,0.0,1070.19
46.5767,0.0,1054.9
46.5867,10.34,1029.38
46.5967,33.11,1001.55
46.6067,133.54,960.96
46.6167,314.38,928.29
46.6267,439.67,882.97
46.6367,533.94,829.95
46.6467,602.58,779.79
46.6567,666.05,723.14
46.6667,752.51,666.27
46.6767,796.62,590.59
46.6867,837.32,508.53
46.6967,870.76,423.06
46.7067,896.94,329.01
46.7167,925.43,234.3
46.7267,953.59,161.15
46.7367,972.73,109.78
46.7467,994.51,81.73
46.7567,1008.15,63.69
46.7667,1017.94,39.71
46.7767,1023.99,30.69
46.7867,1027.84,21.78
46.7967,1031.69,15.51
46.8067,1035.76,8.03
46.8167,1037.3,6.05
46.8267,1043.24,3.96
46.8367,1051.71,0.0
46.8467,1057.43,0.0
46.8567,1058.86,0.0
46.8667,1060.4,0.0
46.8767,1059.3,0.0
46.8867,1056.55,0.0
46.8967,1050.83,0.0
46.9067,1054.13,0.0
46.9167,1046.54,0.0
46.9267,1045.99,0.0
46.9367,1045.11,0.0
46.9467,1042.14,0.0
46.9567,1043.13,0.0
46.9667,1036.86,0.0
46.9767,1032.46,0.0
46.9867,1025.53,0.0
46.9967,1017.61,0.0
47.0067,1012.55,0.0
47.0167,998.47,0.0
47.0267,989.45,0.0
47.0367,977.57,0.0
47.0467,965.25,0.0
47.0567,953.15,0.0
47.0667,938.19,0.0
47.0767,918.94,0.0
47.0867,888.25,0.0
47.0967,868.12,0.0
47.1067,842.93,6.82
47.1167,821.81,20.57
47.1267,785.73,67.43
47.1367,759.99,201.52
47.1467,724.57,338.58
47.1567,680.13,462.77
47.1667,615.12,557.48
47.1767,548.79,619.63
47.1867,469.92,718.41
47.1967,374.77,788.81
47.2067,262.24,855.25
47.2167,168.96,941.27
47.2267,101.86,1017.72
47.2367,66.33,1080.09
47.2467,44.11,1135.09
47.2567,23.98,1170.4
47.2667,17.49,1193.61
47.2767,15.18,1196.47
47.2867,10.89,1194.93
47.2967,4.51,1184.04
47.3067,0.0,1169.41
47.3167,0.0,1146.97
47.3267,0.0,1121.89
47.3367,0.0,1099.01
47.3467,0.0,1076.02
47.3567,0.0,1062.82
47.3667,0.0,1044.78
47.3767,0.0,1026.85
47.3867,0.0,1025.53
47.3967,0.0,1017.06
47.4067,0.0,1012.77
47.4167,0.0,1016.07
47.4267,0.0,1012.44
47.4367,0.0,1016.18
47.4467,0.0,1021.9
47.4567,0.0,1030.15
47.4667,0.0,1038.62
47.4767,0.0,1052.15
47.4867,0.0,1063.15
47.4967,0.0,1076.68
47.5067,0.0,1085.48
47.5167,0.0,1092.19
47.5267,0.0,1099.34
47.5367,0.0,1099.45
47.5467,0.0,1099.67
47.5567,0.0,1095.27
47.5667,0.0,1084.49
47.5767,0.0,1063.59
47.5867,6.16,1040.27
47.5967,16.5,1005.4
47.6067,44.44,975.15
47.6167,138.27,944.02
47.6267,303.93,902.22
47.6367,428.01,870.21
47.6467,523.93,818.18
47.6567,597.3,773.08
47.6667,691.46,718.85
47.6767,756.58,654.06
47.6867,799.15,584.43
47.6967,834.35,499.07
47.7067,864.71,413.82
47.7167,884.73,310.86
47.7267,906.62,222.64
47.7367,930.05,146.19
47.7467,949.74,100.87
47.7567,967.45,69.96
47.7667,984.28,47.74
47.7767,1001.0,28.71
47.7867,1011.12,20.46
47.7967,1030.7,11.55
47.8067,1041.15,6.05
47.8167,1053.91,0.0
47.8267,1068.21,0.0
47.8367,1073.93,0.0
47.8467,1079.32,0.0
47.8567,1084.82,0.0
47.8666,1077.45,0.0
47.8766,1074.37,0.0
47.8866,1069.2,0.0
47.8966,1061.94,0.0
47.9066,1050.28,0.0
47.9166,1040.49,0.0
47.9266,1035.54,0.0
47.9366,1026.3,0.0
47.9466,1020.03,0.0
47.9566,1008.92,0.0
47.9666,1003.09,0.0
47.9766,991.21,0.0
47.9866,988.35,0.0
47.9966,979.77,0.0
48.0066,967.56,0.0
48.0166,957.44,0.0
48.0266,949.41,0.0
48.0366,940.83,0.0
48.0466,934.12,0.0
48.0566,916.63,0.0
48.0666,903.32,0.0
48.0766,883.19,0.0
48.0866,864.49,0.0
48.0966,841.72,0.0
48.1066,818.4,9.13
48.1166,794.86,22.88
48.1266,768.79,73.04
48.1366,732.38,200.75
48.1466,695.42,343.42
48.1566,645.59,475.75
48.1666,574.53,612.92
48.1766,496.98,717.42
48.1866,410.3,805.97
48.1966,306.35,877.91
48.2066,206.69,952.82
48.2166,128.59,1023.99
48.2266,79.64,1084.71
48.2366,55.11,1126.29
48.2466,30.8,1160.5
48.2566,19.69,1186.46
48.2666,17.49,1194.27
48.2766,15.18,1196.91
48.2866,10.89,1183.05
48.2966,4.51,1162.26
48.3066,0.0,1137.18
48.3166,0.0,1108.03
48.3266,0.0,1087.35
48.3366,0.0,1065.13
48.3466,0.0,1042.25
48.3566,0.0,1018.49
48.3666,0.0,1004.96
48.3766,0.0,993.52
48.3866,0.0,982.74
48.3966,0.0,973.72
48.4066,0.0,979.11
48.4166,0.0,982.63
48.4266,0.0,992.86
48.4366,0.0,1006.06
48.4466,0.0,1014.86
48.4566,0.0,1031.14
48.4666,0.0,1049.62
48.4766,0.0,1066.56
48.4866,0.0,1080.97
48.4966,0.0,1097.8
48.5066,0.0,1106.71
48.5166,0.0,1111.22
48.5266,0.0,1108.69
48.5366,0.0,1103.85
48.5466,0.0,1085.59
48.5566,0.0,1065.35
48.5666,6.16,1042.58
48.5766,22.77,1010.24
48.5866,93.39,971.19
48.5966,292.05,931.7
48.6066,463.21,892.43
48.6166,591.58,841.61
48.6266,697.29,790.24
48.6366,783.31,728.86
48.6466,847.44,660.66
48.6566,898.92,576.29
48.6666,934.01,485.43
48.6766,951.5,385.88
48.6866,977.35,282.37
48.6966,1000.89,175.56
48.7066,1017.17,115.39
48.7166,1034.33,72.71
48.7266,1047.97,52.14
48.7366,1067.33,35.64
48.7466,1071.51,28.71
48.7566,1078.88,17.6
48.7666,1079.43,10.01
48.7766,1075.47,8.03
48.7866,1075.58,6.05
48.7966,1073.05,3.96
48.8066,1068.21,0.0
48.8166,1061.28,0.0
48.8266,1053.8,0.0
48.8366,1041.7,0.0
48.8466,1032.02,0.0
48.8566,1017.83,0.0
48.8666,1008.15,0.0
48.8766,1001.11,0.0
48.8866,991.76,0.0
48.8966,991.76,0.0
48.9066,989.78,0.0
48.9166,984.17,0.0
48.9266,976.47,0.0
48.9366,977.68,0.0
48.9466,974.93,0.0
48.9566,972.4,0.0
48.9666,967.67,0.0
48.9766,971.85,0.0
48.9866,967.78,0.0
48.9966,969.98,0.0
49.0066,961.51,0.0
49.0166,956.67,0.0
49.0266,948.31,0.0
49.0366,930.71,0.0
49.0466,915.09,0.0
49.0566,892.76,0.0
49.0666,873.84,0.0
49.0766,841.94,4.51
49.0866,814.33,15.95
49.0966,790.57,49.5
49.1066,762.85,171.38
49.1166,725.78,320.98
49.1266,675.07,444.29
49.1366,615.45,564.3
49.1466,544.72,677.82
49.1566,466.95,786.17
49.1666,367.62,861.3
49.1766,261.47,936.32
49.1866,177.21,1005.73
49.1966,106.15,1067.22
49.2066,72.6,1118.37
49.2166,46.31,1152.47
49.2266,23.98,1173.92
49.2366,19.58,1188.0
49.2466,19.69,1195.92
49.2566,10.89,1187.34
49.2666,8.69,1175.79
49.2766,8.69,1158.41
49.2865,0.0,1140.7
49.2965,0.0,1119.36
49.3065,0.0,1101.32
49.3165,0.0,1087.46
49.3265,0.0,1068.87
49.3365,0.0,1057.76
49.3465,0.0,1046.65
49.3565,0.0,1042.14
49.3665,0.0,1043.13
49.3765,0.0,1038.95
49.3865,0.0,1040.38
49.3965,0.0,1046.32
49.4065,0.0,1052.26
49.4165,0.0,1059.08
49.4265,0.0,1064.8
49.4365,0.0,1070.63
49.4465,0.0,1081.41
49.4565,0.0,1087.35
49.4665,0.0,1095.27
49.4765,0.0,1094.17
49.4865,0.0,1103.19
49.4965,0.0,1105.39
49.5065,0.0,1105.06
49.5165,0.0,1100.55
49.5265,0.0,1094.06
49.5365,0.0,1090.1
49.5465,0.0,1076.68
49.5565,0.0,1060.84
49.5665,0.0,1042.36
49.5765,4.07,1011.89
49.5865,16.5,982.85
49.5965,60.61,952.6
49.6065,204.82,916.63
49.6165,376.31,883.08
49.6265,486.75,850.85
49.6365,574.42,795.52
49.6465,641.41,750.97
49.6565,721.93,694.32
49.6665,772.53,622.49
49.6765,816.97,545.82
49.6865,858.44,457.6
49.6965,888.47,365.42
49.7065,916.19,273.68
49.7165,945.89,193.16
49.7265,967.12,129.47
49.7365,988.35,88.0
49.7465,1003.2,62.48
49.7565,1012.66,43.01
49.7665,1024.87,24.53
49.7765,1033.78,19.69
49.7865,1045.11,13.53
49.7965,1053.69,11.55
49.8065,1055.67,3.96
49.8165,1064.14,3.96
49.8265,1078.44,0.0
49.8365,1081.96,0.0
49.8465,1087.46,0.0
49.8565,1086.69,0.0
49.8665,1086.03,0.0
49.8765,1081.08,0.0
49.8865,1073.6,0.0
49.8965,1066.23,0.0
49.9065,1059.19,0.0
49.9165,1047.75,0.0
49.9265,1042.58,0.0
49.9365,1035.54,0.0
49.9465,1024.32,0.0
49.9565,1022.45,0.0
49.9665,1011.67,0.0
49.9765,1006.28,0.0
49.9865,1001.22,0.0
49.9965,995.5,0.0
50.0065,992.97,0.0
50.0165,984.94,0.0
50.0265,977.13,0.0
50.0365,970.97,0.0
50.0465,960.52,0.0
50.0565,953.92,0.0
50.0665,936.65,0.0
50.0765,917.18,0.0
50.0865,896.83,0.0
50.0965,876.26,0.0
50.1065,855.25,0.0
50.1165,834.24,9.13
50.1265,808.83,25.08
50.1365,785.07,90.09
50.1465,754.49,222.09
50.1565,717.53,352.77
50.1665,670.45,480.7
50.1765,606.43,620.95
50.1865,537.68,720.17
50.1965,455.73,791.56
50.2065,362.45,860.64
50.2165,257.4,922.68
50.2265,164.23,999.46
50.2365,103.73,1053.47
50.2465,64.13,1102.97
50.2565,41.8,1130.69
50.2665,30.36,1156.43
50.2765,17.49,1166.11
50.2865,17.49,1166.0
50.2965,15.18,1156.32
50.3065,8.69,1143.01
50.3165,4.51,1120.35
50.3265,4.51,1097.36
50.3365,0.0,1078.88
50.3465,0.0,1057.98
50.3565,0.0,1041.81
50.3665,0.0,1027.84
50.3765,0.0,1023.22
50.3865,0.0,1014.09
50.3965,0.0,1012.22
50.4065,0.0,1012.33
50.4165,0.0,1012.99
50.4265,0.0,1020.58
50.4365,0.0,1031.03
50.4465,0.0,1032.9
50.4565,0.0,1046.43
50.4665,0.0,1055.78
50.4765,0.0,1072.5
50.4865,0.0,1079.32
50.4965,0.0,1093.29
50.5065,0.0,1101.43
50.5165,0.0,1112.21
50.5265,0.0,1118.59
50.5365,0.0,1117.71
50.5465,0.0,1124.53
50.5565,4.07,1119.36
50.5665,12.32,1110.45
50.5765,28.49,1094.83
50.5865,50.49,1077.56
50.5965,105.16,1040.38
50.6065,195.14,1012.88
50.6165,299.86,963.6
50.6265,396.11,913.77
50.6365,485.65,852.39
50.6465,578.93,802.23
50.6565,660.0,747.34
50.6665,737.99,691.13
50.6765,793.32,629.75
50.6865,828.85,559.13
50.6965,868.12,474.32
50.7065,894.08,388.63
50.7164,919.82,290.07
50.7264,941.38,204.38
50.7364,962.83,119.9
50.7464,983.18,76.89
50.7564,1003.31,48.73
50.7664,1026.96,27.39
50.7764,1051.05,15.51
50.7864,1063.7,13.53
50.7964,1073.82,6.05
50.8064,1081.63,6.05
50.8164,1083.06,3.96
50.8264,1083.94,0.0
50.8364,1078.33,0.0
50.8464,1075.25,0.0
50.8564,1065.13,0.0
50.8664,1061.94,0.0
50.8764,1052.15,0.0
50.8864,1042.58,0.0
50.8964,1034.88,0.0
50.9064,1023.33,0.0
50.9164,1018.27,0.0
50.9264,1013.54,0.0
50.9364,1008.92,0.0
50.9464,1004.3,0.0
50.9564,997.37,0.0
50.9664,991.65,0.0
50.9764,981.97,0.0
50.9864,979.0,0.0
50.9964,971.63,0.0
51.0064,963.71,0.0
51.0164,955.9,0.0
51.0264,945.89,0.0
51.0364,937.86,0.0
51.0464,922.46,0.0
51.0564,907.28,0.0
51.0664,891.44,0.0
51.0764,873.18,0.0
51.0864,854.59,0.0
51.0964,833.36,4.51
51.1064,811.91,11.44
51.1164,786.39,29.7
51.1264,762.41,105.05
51.1364,733.7,251.02
51.1464,696.19,389.18
51.1564,637.78,517.0
51.1664,576.07,636.46
51.1764,501.49,736.34
51.1864,410.3,825.55
51.1964,305.14,889.02
51.2064,198.77,966.35
51.2164,122.1,1038.95
51.2264,79.64,1098.9
51.2364,59.51,1145.54
51.2464,37.29,1183.05
51.2564,21.89,1202.96
51.2664,17.49,1207.69
51.2764,15.18,1205.27
51.2864,11.0,1190.64
51.2964,4.51,1162.26
51.3064,4.51,1134.87
51.3164,0.0,1104.29
51.3264,0.0,1083.5
51.3364,0.0,1060.29
51.3464,0.0,1038.73
51.3564,0.0,1020.03
51.3664,0.0,1010.9
51.3764,0.0,1004.19
51.3864,0.0,1001.88
51.3964,0.0,999.79
51.4064,0.0,1000.45
51.4164,0.0,1004.74
51.4264,0.0,1014.64
51.4364,0.0,1022.23
51.4464,0.0,1037.19
51.4564,0.0,1049.95
51.4664,0.0,1070.41
51.4764,0.0,1081.63
51.4864,0.0,1102.86
51.4964,0.0,1116.94
51.5064,0.0,1133.66
51.5164,0.0,1140.15
51.5264,0.0,1153.9
51.5364,0.0,1153.46
51.5464,0.0,1148.84
51.5564,0.0,1132.78
51.5664,0.0,1117.49
51.5764,0.0,1088.23
51.5864,8.25,1068.54
51.5964,22.77,1036.86
51.6064,70.4,1002.32
51.6164,202.84,962.06
51.6264,366.41,924.55
51.6364,469.81,873.51
51.6464,544.61,823.13
51.6564,613.91,770.55
51.6664,699.16,718.96
51.6764,758.56,668.69
51.6864,802.56,597.63
51.6964,833.14,523.71
51.7064,863.5,436.48
51.7164,880.44,341.33
51.7264,899.69,251.02
51.7364,918.72,165.77
51.7464,935.55,107.14
51.7564,952.93,70.62
51.7664,973.28,45.98
51.7764,985.16,27.39
51.7864,1006.28,15.51
51.7964,1021.13,13.53
51.8064,1029.49,6.05
51.8164,1044.23,3.96
51.8264,1050.17,0.0
51.8364,1062.38,0.0
51.8464,1065.79,0.0
51.8564,1066.89,0.0
51.8664,1070.52,0.0
51.8764,1069.42,0.0
51.8864,1064.03,0.0
51.8964,1058.75,0.0
51.9064,1048.96,0.0
51.9164,1041.59,0.0
51.9264,1038.62,0.0
51.9364,1031.14,0.0
51.9464,1019.26,0.0
51.9564,1014.31,0.0
51.9664,1003.64,0.0
51.9764,996.93,0.0
51.9864,988.24,0.0
51.9964,988.13,0.0
52.0064,986.7,0.0
52.0164,981.09,0.0
52.0264,976.14,0.0
52.0364,969.1,0.0
52.0464,957.33,0.0
52.0564,949.63,0.0
52.0664,939.51,0.0
52.0764,931.59,0.0
52.0864,912.23,0.0
52.0964,898.81,0.0
52.1064,871.97,0.0
52.1164,851.51,0.0
52.1264,828.41,9.13
52.1364,804.87,27.39
52.1463,785.51,90.86
52.1563,755.37,209.66
52.1663,715.66,320.1
52.1763,666.38,442.75
52.1863,610.17,538.89
52.1963,546.59,643.83
52.2063,478.72,734.58
52.2163,388.96,800.36
52.2263,293.81,855.03
52.2363,198.99,918.39
52.2463,126.72,975.26
52.2563,82.06,1030.04
52.2663,57.42,1070.52
52.2763,37.29,1094.17
52.2863,21.89,1115.29
52.2963,19.69,1132.78
52.3063,15.18,1133.88
52.3163,11.0,1134.87
52.3263,4.51,1126.84
52.3363,4.51,1113.97
52.3463,0.0,1102.53
52.3563,0.0,1087.24
52.3663,0.0,1075.8
52.3763,0.0,1059.63
52.3863,0.0,1045.88
52.3963,0.0,1036.31
52.4063,0.0,1032.35
52.4163,0.0,1033.23
52.4263,0.0,1029.49
52.4363,0.0,1036.09
52.4463,0.0,1039.72
52.4563,0.0,1041.59
52.4663,0.0,1052.37
52.4763,0.0,1053.03
52.4863,0.0,1059.08
52.4963,0.0,1062.38
52.5063,0.0,1065.9
52.5163,0.0,1071.84
52.5263,4.51,1080.31
52.5363,4.51,1086.69
52.5463,0.0,1095.6
52.5563,0.0,1095.05
52.5663,0.0,1095.16
52.5763,6.16,1091.09
52.5863,12.32,1084.27
52.5963,16.5,1075.25
52.6063,32.45,1055.23
52.6163,50.49,1038.95
52.6263,95.15,1008.92
52.6363,171.6,979.11
52.6463,259.82,935.11
52.6563,350.9,894.41
52.6663,437.69,845.46
52.6763,544.61,795.96
52.6863,649.33,745.14
52.6963,722.37,700.26
52.7063,777.26,636.46
52.7163,821.15,564.41
52.7263,853.27,486.2
52.7363,882.86,401.28
52.7463,901.78,300.08
52.7563,920.59,217.25
52.7663,937.53,144.65
52.7763,957.11,100.21
52.7863,977.35,72.05
52.7963,995.61,54.78
52.8063,1014.75,35.64
52.8163,1029.38,21.78
52.8263,1041.7,15.51
52.8363,1060.51,13.53
52.8463,1070.41,6.05
52.8563,1071.51,3.96
52.8663,1079.1,0.0
52.8763,1082.29,0.0
52.8863,1074.81,0.0
52.8963,1078.22,0.0
52.9063,1071.29,0.0
52.9163,1068.43,0.0
52.9263,1061.17,0.0
52.9363,1056.11,0.0
52.9463,1046.65,0.0
52.9563,1041.26,0.0
52.9663,1032.13,0.0
52.9763,1022.34,0.0
52.9863,1018.16,0.0
52.9963,1007.16,0.0
53.0063,1000.78,0.0
53.0163,993.19,0.0
53.0263,983.4,0.0
53.0363,973.94,0.0
53.0463,961.07,0.0
53.0563,947.1,0.0
53.0663,937.2,0.0
53.0763,924.77,0.0
53.0863,909.59,0.0
53.0963,897.16,0.0
53.1063,881.21,0.0
53.1163,861.08,0.0
53.1263,842.6,4.51
53.1363,825.55,11.44
53.1463,801.79,25.08
53.1563,776.38,84.48
53.1663,750.31,216.15
53.1763,717.53,344.19
53.1863,673.09,483.23
53.1963,617.32,627.77
53.2063,551.32,728.09
53.2163,478.72,814.44
53.2263,386.87,873.18
53.2363,283.03,936.98
53.2463,185.24,1000.01
53.2563,117.7,1048.96
53.2663,75.46,1099.12
53.2763,53.02,1134.32
53.2863,32.89,1159.73
53.2963,19.69,1180.41
53.3063,17.49,1187.89
53.3163,11.0,1185.03
53.3263,6.71,1174.47
53.3363,4.51,1161.27
53.3463,4.51,1141.03
53.3563,0.0,1122.0
53.3663,0.0,1108.8
53.3763,0.0,1089.99
53.3863,0.0,1078.66
53.3963,0.0,1069.53
53.4063,0.0,1060.4
53.4163,0.0,1056.11
53.4263,0.0,1052.59
53.4363,0.0,1045.77
53.4463,0.0,1048.74
53.4563,0.0,1052.37
53.4663,0.0,1055.89
53.4763,0.0,1059.08
53.4863,0.0,1065.02
53.4963,0.0,1078.11
53.5063,0.0,1083.94
53.5163,0.0,1089.99
53.5263,0.0,1098.35
53.5363,0.0,1107.26
53.5463,0.0,1111.55
53.5563,0.0,1118.48
53.5663,0.0,1120.46
53.5762,0.0,1118.26
53.5862,0.0,1111.55
53.5962,0.0,1103.3
53.6062,0.0,1087.46
53.6162,0.0,1067.33
53.6262,4.07,1041.48
53.6362,12.32,1020.36
53.6462,40.37,985.49
53.6562,117.15,963.49
53.6662,273.79,922.35
53.6762,413.6,890.78
53.6862,494.01,849.2
53.6962,560.67,795.96
53.7062,637.34,753.83
53.7162,720.17,694.54
53.7262,762.85,632.39
53.7362,807.4,560.67
53.7462,842.6,479.27
53.7562,868.45,389.4
53.7662,893.97,303.16
53.7762,915.2,219.67
53.7862,932.25,151.36
53.7962,952.27,102.96
53.8062,967.89,72.05
53.8162,995.06,49.72
53.8262,1016.18,33.55
53.8362,1037.74,26.73
53.8462,1057.21,15.51
53.8562,1067.55,13.53
53.8662,1077.67,11.55
53.8762,1081.3,3.96
53.8862,1084.82,3.96
53.8962,1087.9,0.0
53.9062,1091.09,0.0
53.9162,1083.06,0.0
53.9262,1077.56,0.0
53.9362,1072.06,0.0
53.9462,1064.36,0.0
53.9562,1056.88,0.0
53.9662,1051.82,0.0
53.9762,1042.25,0.0
53.9862,1037.96,0.0
53.9962,1024.98,0.0
54.0062,1018.38,0.0
54.0162,1007.49,0.0
54.0262,1002.32,0.0
54.0362,994.51,5.5
54.0462,982.3,9.46
54.0562,979.11,0.0
54.0662,966.46,0.0
54.0762,954.14,0.0
54.0862,946.22,0.0
54.0962,935.66,0.0
54.1062,920.59,0.0
54.1162,896.94,0.0
54.1262,879.12,0.0
54.1362,862.84,0.0
54.1462,842.6,0.0
54.1562,825.66,0.0
54.1662,803.99,0.0
54.1762,778.36,9.13
54.1862,755.04,25.08
54.1962,730.95,90.53
54.2062,700.15,248.38
54.2162,662.09,386.1
54.2262,610.06,535.59
54.2362,544.5,702.24
54.2462,475.86,826.65
54.2562,377.3,902.22
54.2662,274.01,960.96
54.2762,178.42,1023.22
54.2862,115.61,1072.83
54.2962,75.35,1121.01
54.3062,53.02,1149.5
54.3162,30.8,1179.75
54.3262,21.89,1203.18
54.3362,17.49,1209.89
54.3462,11.0,1214.62
54.3562,6.71,1210.11
54.3662,6.71,1197.35
54.3762,4.51,1175.35
54.3862,4.51,1154.56
54.3962,0.0,1133.88
54.4062,0.0,1115.4
54.4162,0.0,1101.98
54.4262,0.0,1088.23
54.4362,0.0,1077.56
54.4462,0.0,1063.7
54.4562,0.0,1066.23
54.4662,0.0,1061.61
54.4762,0.0,1059.74
54.4862,0.0,1065.02
54.4962,0.0,1063.37
54.5062,0.0,1066.45
54.5162,0.0,1069.86
54.5262,0.0,1075.69
54.5362,0.0,1086.25
54.5462,0.0,1092.08
54.5562,0.0,1102.42
54.5662,0.0,1113.2
54.5762,0.0,1119.03
54.5862,0.0,1130.03
54.5962,0.0,1131.57
54.6062,0.0,1133.22
54.6162,0.0,1130.69
54.6262,0.0,1128.71
54.6362,0.0,1117.05
54.6462,0.0,1107.81
54.6562,0.0,1089.77
54.6662,0.0,1071.84
54.6762,0.0,1053.03
54.6862,6.16,1022.56
54.6962,22.77,995.83
54.7062,97.46,964.7
54.7162,260.04,935.33
54.7262,380.27,902.44
54.7362,472.23,865.7
54.7462,542.85,819.72
54.7562,603.57,773.41
54.7662,669.02,727.87
54.7762,715.33,661.1
54.7862,753.72,586.85
54.7962,790.79,511.28
54.8062,829.62,431.09
54.8162,857.12,344.52
54.8262,884.73,259.49
54.8362,910.03,188.98
54.8462,937.75,131.56
54.8562,959.53,92.51
54.8662,983.29,67.21
54.8762,1008.26,43.23
54.8862,1031.03,20.46
54.8962,1052.04,13.53
54.9062,1066.12,11.55
54.9162,1078.55,9.46
54.9262,1088.45,5.5
54.9362,1100.11,0.0
54.9462,1105.28,0.0
54.9562,1106.38,0.0
54.9662,1109.57,0.0
54.9762,1108.14,0.0
54.9862,1098.13,0.0
54.9962,1094.61,0.0
55.0061,1089.11,0.0
55.0161,1083.72,0.0
55.0261,1078.66,0.0
55.0361,1073.05,0.0
55.0461,1072.39,0.0
55.0561,1064.8,0.0
55.0661,1061.72,0.0
55.0761,1056.55,0.0
55.0861,1057.76,0.0
55.0961,1050.17,0.0
55.1061,1044.78,0.0
55.1161,1042.03,0.0
55.1261,1041.59,0.0
55.1361,1041.15,0.0
55.1461,1038.18,0.0
55.1561,1035.54,0.0
55.1661,1034.88,0.0
55.1761,1033.56,0.0
55.1861,1028.17,0.0
55.1961,1022.89,0.0
55.2061,1002.1,0.0
55.2161,991.65,0.0
55.2261,973.17,0.0
55.2361,954.25,0.0
55.2461,933.13,0.0
55.2561,911.79,0.0
55.2661,890.01,0.0
55.2761,867.46,0.0
55.2861,844.58,0.0
55.2961,817.3,13.64
55.3061,791.23,55.55
55.3161,769.89,173.47
55.3261,741.62,310.42
55.3361,706.42,445.61
55.3461,663.85,609.18
55.3561,613.69,726.22
55.3661,544.39,775.06
55.3761,483.12,805.64
55.3861,398.42,834.02
55.3961,308.0,853.82
55.4061,215.05,883.19
55.4161,137.94,912.67
55.4261,91.08,953.92
55.4361,59.73,987.14
55.4461,41.91,1025.64
55.4561,21.89,1060.18
55.4661,17.49,1084.71
55.4761,11.0,1108.8
55.4861,11.0,1116.28
55.4961,6.71,1121.89
55.5061,4.51,1122.22
55.5161,4.51,1119.8
55.5261,0.0,1115.84
55.5361,0.0,1106.6
55.5461,0.0,1104.62
55.5561,0.0,1095.38
55.5661,0.0,1095.93
55.5761,0.0,1089.11
55.5861,0.0,1087.46
55.5961,0.0,1088.01
55.6061,0.0,1083.61
55.6161,0.0,1083.94
55.6261,0.0,1077.67
55.6361,0.0,1082.62
55.6461,0.0,1085.59
55.6561,0.0,1085.7
55.6661,0.0,1088.56
55.6761,0.0,1091.42
55.6861,0.0,1096.7
55.6961,0.0,1092.41
55.7061,0.0,1101.98
55.7161,0.0,1100.22
55.7261,0.0,1107.92
55.7361,0.0,1110.78
55.7461,0.0,1118.15
55.7561,0.0,1121.23
55.7661,0.0,1123.87
55.7761,0.0,1134.21
55.7861,0.0,1134.87
55.7961,0.0,1137.84
55.8061,0.0,1143.12
55.8161,0.0,1136.96
55.8261,0.0,1135.42
55.8361,0.0,1126.84
55.8461,0.0,1114.85
55.8561,14.41,1104.73
55.8661,40.15,1092.52
55.8761,110.55,1080.31
55.8861,248.71,1063.48
55.8961,367.51,1042.36
55.9061,447.26,1003.2
55.9161,492.58,964.04
55.9261,539.0,913.11
55.9361,572.33,875.49
55.9461,614.57,832.7
55.9561,650.32,786.06
55.9661,687.28,732.82
55.9761,717.53,683.1
55.9861,741.18,626.89
55.9961,755.92,556.05
56.0061,768.9,487.52
56.0161,770.99,423.83
56.0261,777.7,366.52
56.0361,784.41,306.13
56.0461,797.94,238.15
56.0561,815.1,177.54
56.0661,845.68,119.57
56.0761,875.71,66.88
56.0861,910.03,43.34
56.0961,946.77,21.12
56.1061,979.88,9.46
56.1161,1010.68,9.46
56.1261,1031.03,5.5
56.1361,1049.29,0.0
56.1461,1058.64,0.0
56.1561,1066.34,0.0
56.1661,1069.75,0.0
56.1761,1073.16,0.0
56.1861,1074.37,0.0
56.1961,1077.34,0.0
56.2061,1075.8,0.0
56.2161,1076.46,0.0
56.2261,1072.94,0.0
56.2361,1071.51,0.0
56.2461,1063.37,0.0
56.2561,1060.18,0.0
56.2661,1050.17,0.0
56.2761,1042.47,0.0
56.2861,1032.57,0.0
56.2961,1029.38,0.0
56.3061,1017.72,0.0
56.3161,1010.79,0.0
56.3261,1010.13,8.36
56.3361,996.93,14.41
56.3461,989.67,0.0
56.3561,980.21,0.0
56.3661,979.44,0.0
56.3761,965.14,0.0
56.3861,946.22,0.0
56.3961,925.43,0.0
56.4061,906.95,9.13
56.4161,887.92,13.64
56.4261,871.31,20.57
56.436,847.77,42.79
56.446,830.28,114.84
56.456,810.92,243.32
56.466,780.23,370.04
56.476,748.33,564.52
56.486,701.14,661.21
56.496,652.74,727.43
56.506,597.74,806.3
56.516,528.77,849.2
56.526,458.48,889.46
56.536,379.72,921.69
56.546,289.41,945.34
56.556,194.81,976.47
56.566,118.14,1000.01
56.576,77.77,1023.44
56.586,50.82,1042.25
56.596,37.29,1056.11
56.606,13.31,1070.74
56.616,13.31,1079.76
56.626,11.0,1087.35
56.636,4.51,1090.21
56.646,4.51,1088.23
56.656,4.51,1090.76
56.666,0.0,1086.47
56.676,0.0,1086.03
56.686,0.0,1086.25
56.696,0.0,1084.16
56.706,0.0,1081.3
56.716,0.0,1081.63
56.726,0.0,1079.54
56.736,0.0,1074.81
56.746,0.0,1075.03
56.756,0.0,1066.12
56.766,0.0,1070.74
56.776,0.0,1068.65
56.786,0.0,1068.43
56.796,0.0,1068.98
56.806,0.0,1076.46
56.816,0.0,1081.63
56.826,0.0,1089.33
56.836,0.0,1097.03
56.846,0.0,1102.2
56.856,0.0,1105.06
56.866,0.0,1110.67
56.876,0.0,1111.55
56.886,0.0,1115.07
56.896,0.0,1116.39
56.906,0.0,1122.11
56.916,0.0,1121.34
56.926,0.0,1127.61
56.936,0.0,1124.2
56.946,0.0,1123.32
56.956,0.0,1118.15
56.966,0.0,1113.09
56.976,0.0,1105.83
56.986,0.0,1101.32
56.996,0.0,1089.66
57.006,0.0,1077.78
57.016,0.0,1063.59
57.026,4.07,1049.18
57.036,10.34,1025.53
57.046,35.09,996.71
57.056,133.87,970.75
57.066,260.59,943.91
57.076,342.43,902.99
57.086,412.28,866.25
57.096,484.55,822.25
57.106,551.43,769.67
57.116,604.78,722.04
57.126,656.92,676.72
57.136,708.73,619.96
57.146,749.87,552.86
57.156,784.41,488.73
57.166,816.75,418.99
57.176,840.62,351.23
57.186,866.47,283.14
57.196,888.25,210.1
57.206,911.79,145.42
57.216,933.24,106.37
57.226,956.89,78.21
57.236,980.98,55.66
57.246,1001.11,36.3
57.256,1019.26,15.51
57.266,1037.08,13.53
57.276,1053.03,11.55
57.286,1058.31,3.96
57.296,1067.44,0.0
57.306,1076.79,5.5
57.316,1079.54,0.0
57.326,1082.73,0.0
57.336,1081.3,0.0
57.346,1084.27,0.0
57.356,1082.62,0.0
57.366,1083.61,4.95
57.376,1080.2,0.0
57.386,1078.66,0.0
57.396,1075.14,0.0
57.406,1074.15,0.0
57.416,1075.03,0.0
57.426,1075.58,0.0
57.436,1074.48,0.0
57.446,1082.07,0.0
57.456,1078.33,0.0
57.466,1081.41,0.0
57.476,1084.05,0.0
57.486,1089.33,0.0
57.496,1089.99,0.0
57.506,1093.18,0.0
57.516,1094.5,0.0
57.526,1095.49,0.0
57.536,1096.59,0.0
57.546,1095.49,0.0
57.556,1091.97,0.0
57.566,1092.74,0.0
57.576,1093.95,0.0
57.586,1084.05,0.0
57.596,1076.68,0.0
57.606,1078.55,0.0
57.616,1071.07,0.0
57.626,1065.9,0.0
57.636,1063.04,0.0
57.646,1056.44,0.0
57.656,1041.92,0.0
57.666,1031.69,0.0
57.676,1017.5,0.0
57.686,1001.0,0.0
57.696,985.71,0.0
57.706,972.84,0.0
57.716,955.57,0.0
57.726,947.32,0.0
57.736,936.1,0.0
57.746,918.06,0.0
57.756,907.06,0.0
57.766,897.16,0.0
57.776,885.61,0.0
57.786,871.75,0.0
57.796,859.1,0.0
57.806,844.47,0.0
57.816,821.15,0.0
57.826,804.21,0.0
57.836,786.83,0.0
57.846,771.76,0.0
57.856,750.42,20.57
57.8659,726.33,93.72
57.8759,700.04,213.95
57.8859,669.02,315.7
57.8959,634.92,421.52
57.9059,589.38,506.11
57.9159,550.22,567.71
57.9259,505.01,614.13
57.9359,459.03,649.11
57.9459,407.22,677.71
57.9559,348.81,720.72
57.9659,295.02,759.44
57.9759,233.97,808.72
57.9859,179.74,863.61
57.9959,119.79,911.9
58.0059,86.35,960.19
58.0159,66.33,991.32
58.0259,50.71,1020.91
58.0359,37.29,1045.88
58.0459,21.89,1061.72
58.0559,13.31,1078.55
58.0659,11.0,1088.67
58.0759,11.0,1097.14
58.0859,6.71,1102.97
58.0959,4.51,1104.84
58.1059,4.51,1101.43
58.1159,4.51,1108.14
58.1259,0.0,1112.21
58.1359,0.0,1117.82
58.1459,0.0,1121.34
58.1559,0.0,1122.11
58.1659,0.0,1127.61
58.1759,0.0,1131.35
58.1859,0.0,1141.47
58.1959,0.0,1147.19
58.2059,0.0,1150.27
58.2159,0.0,1152.91
58.2259,0.0,1151.04
58.2359,0.0,1151.48
58.2459,0.0,1156.87
58.2559,0.0,1157.53
58.2659,0.0,1157.75
58.2759,0.0,1153.35
58.2859,0.0,1155.88
58.2959,0.0,1156.1
58.3059,0.0,1156.43
58.3159,0.0,1161.38
58.3259,0.0,1156.98
58.3359,0.0,1155.11
58.3459,0.0,1148.62
58.3559,0.0,1154.01
58.3659,0.0,1154.23
58.3759,0.0,1154.56
58.3859,0.0,1164.46
58.3959,0.0,1162.26
58.4059,0.0,1162.48
58.4159,0.0,1160.28
58.4259,0.0,1162.81
58.4359,0.0,1160.61
58.4459,0.0,1155.99
58.4559,0.0,1153.79
58.4659,0.0,1153.9
58.4759,0.0,1152.25
58.4859,0.0,1150.27
58.4959,0.0,1141.25
58.5059,0.0,1141.8
58.5159,0.0,1133.0
58.5259,0.0,1133.44
58.5359,0.0,1134.43
